0.46509507484811585;0.3844956088618468;0.8495906837099626;107.63628875056395;88.98326947945597;196.61955823001992;227.73103781099923;70.0;0.0;0.0;
0.1916993579649374;0.0;0.7667974318597496;117.14598310726261;0.0;117.14598310726261;149.0601349383756;137.0;0.0;0.0;

0.5421769619441985;0.41057968865661837;0.9527566506008169;137.23854349212525;103.92798369120652;241.1665271833318;247.83102734872867;65.0;0.0;0.0;
0.20878672588817426;0.0001227467352974709;0.8352696502879945;138.6000277314559;0.020370908212439608;138.62039863966834;160.44536289597025;122.0;0.0;0.0;

0.4054741970042021;0.2786018766212451;0.6840760736254472;109.47803319113457;75.22250668773617;184.70053987887073;254.4990433306565;63.0;0.0;0.0;
0.20185514854934458;0.000870059254172439;0.8082906534515507;121.91793305374443;0.13137617081520148;122.04930922455964;151.73352198708324;135.0;0.0;0.0;

0.4222101410948601;0.5275371812982921;0.9497473223931521;124.36007792248607;155.3836788551333;279.74375677761935;277.922707118266;57.0;0.0;0.0;
0.21466963099235897;0.005416478042745821;0.8640950020121817;113.46584132714104;0.7157337944229482;114.18157512156398;129.39015964249168;132.0;0.0;0.0;

0.37013600442038846;0.23566223161717273;0.6057982360375612;122.37149533898557;77.91281943261629;200.28431477160188;315.5399938777123;49.0;0.0;0.0;
0.16318578640882908;0.0001809948432671884;0.6529241404785835;120.86489392347481;0.03351382956444957;120.89840775303925;182.9095802598117;130.0;0.0;0.0;

0.49422770647980757;0.299255645391416;0.7934833518712237;131.25391549135873;79.47445008755639;210.72836557891512;256.0663794083215;61.0;0.0;0.0;
0.18335078731795795;0.0;0.7334031492718318;96.22376902138204;0.0;96.22376902138204;131.12036252386952;146.0;0.0;0.0;

0.4227525776894893;0.1461479885764075;0.5689005662658968;114.14319597616212;39.45995691563003;153.60315289179212;264.91749677467277;61.0;0.0;0.0;
0.19680527190315958;0.0;0.7872210876126383;119.17822576396821;0.0;119.17822576396821;150.52529747320978;140.0;0.0;0.0;

0.5047544991943984;0.44144897390415516;0.9462034730985536;125.80035210691162;110.02266734226636;235.823019449178;244.2461153935671;66.0;0.0;0.0;
0.19953486982250504;0.01247204261854143;0.8106115219085616;118.68458134725984;1.85461212624579;120.53919347350563;148.79247903275947;140.0;0.0;0.0;

0.3782500017766805;0.3360517646703386;0.714301766447019;107.50263208389866;95.50944890630676;203.01208099020542;280.4034924161424;57.0;0.0;0.0;
0.20570406674063113;0.00945995960380864;0.8322762265663332;119.14806039922769;1.3698511848942114;120.5179115841219;141.5777253233764;144.0;0.0;0.0;

0.34386523531855057;0.22962487093881126;0.5734901062573619;91.32158708459866;60.982342773913814;152.30392985851248;254.3005836653038;61.0;0.0;0.0;
0.17277100497751827;0.0;0.6910840199100731;120.47772325440116;0.0;120.47772325440116;169.8469958959823;115.0;0.0;0.0;

0.473861380175162;0.5124614706009869;0.9863228507761488;116.31142967935794;125.78599732933314;242.09742700869108;241.62272236342613;67.0;0.0;0.0;
0.2169468307745205;0.000654076723970616;0.8684413998220527;115.30560791605618;0.08690921412855222;115.39251713018473;130.65381191541005;137.0;0.0;0.0;

0.4993105888483893;0.6763976089680714;1.1757081978164603;132.6037957269493;179.6334633652911;312.23725909224027;249.0888135345112;65.0;0.0;0.0;
0.19629082325870698;0.0016345364722283658;0.7867978295070562;120.41175802916295;0.2506706718586668;120.66242870102161;150.71163987547362;148.0;0.0;0.0;

0.6074327362920411;1.4038620007149152;2.0112947370069567;158.7162956117914;366.8155550255101;525.5318506373015;251.4376692731006;62.0;0.0;0.0;
0.19306261110445241;0.0;0.7722504444178097;128.8528620885115;0.0;128.8528620885115;161.32222458885627;108.0;0.0;0.0;

0.5242800555359428;0.9430002197023989;1.4672802752383416;121.33338428117534;218.23719370255517;339.57057798373046;226.94878735855536;70.0;0.0;0.0;
0.21852842816664284;0.005502533315513723;0.879616245982085;120.76139757278159;0.7601912700180902;121.52158884279969;137.94823253634993;141.0;0.0;0.0;

0.580810044795021;0.872341903681507;1.4531519484765283;130.68226007887972;196.27692832833907;326.95918840721885;223.66501364048497;72.0;0.0;0.0;
0.16910751003359412;0.0009127904505763686;0.6773428305849528;117.30099218326214;0.15828869085522085;117.45928087411737;173.18764744834283;127.0;0.0;0.0;

0.33904336820231007;0.1585021993841596;0.49754556758646973;105.62504932456584;49.37953134660357;155.0045806711694;293.97872425782197;55.0;0.0;0.0;
0.219171269946295;0.0015231108880448196;0.878208190673225;126.52622209355596;0.2198206299360016;126.74604272349198;144.2782430397681;134.0;0.0;0.0;

0.33701262180626335;0.17764163878943232;0.5146542605956956;107.051068103166;56.427344086054966;163.478412189221;308.80118456951084;52.0;0.0;0.0;
0.1626822396604019;0.0007144605586422163;0.6514434192002498;93.73192812078335;0.10291191876197074;93.83484003954531;144.45444023982145;134.0;0.0;0.0;

0.4530793843436645;0.4910740784824903;0.944153462826155;126.54975907529939;137.1620701968335;263.71182927213295;241.0493933441547;67.0;0.0;0.0;
0.22153786796126468;0.033233577024518235;0.919385048869577;128.05613011570946;4.802523494997105;132.85865361070657;152.0995818655043;140.0;0.0;0.0;

0.3914811195093568;0.2285211198672378;0.6200022393765947;105.69990226752634;61.7007023641542;167.40060463168055;258.2547420899878;61.0;0.0;0.0;
0.20834301519815487;0.00289556190763694;0.8362676227002565;124.09688605404688;0.431176221305885;124.52806227535277;148.88498452783733;129.0;0.0;0.0;

0.49919515943889475;0.36666102982871046;0.8658561892676051;122.52972095318326;89.99861641250166;212.5283373656849;241.10691660596368;66.0;0.0;0.0;
0.2287736707360702;0.009741835791166489;0.9248365187354473;120.55183182496006;1.2833602597105103;121.83519208467057;131.5151082043071;156.0;0.0;0.0;

0.45902595289594145;0.38711759961042885;0.8461435525063703;106.23172052734645;89.59007305269924;195.8217935800457;218.08624540491095;70.0;0.0;0.0;
0.20735017799569957;0.030648912047378876;0.8600496240301772;113.69879806244502;4.201520943209466;117.90031900565448;130.70355759756598;144.0;0.0;0.0;

0.5411140739802534;0.7705552393338009;1.3116693133140542;141.38787094322748;201.33862705173507;342.7264979949626;233.0475083467589;62.0;0.0;0.0;
0.2281198348516906;0.010091987105148248;0.9225713265119106;122.51933553247565;1.355059233592015;123.87439476606767;132.83427930486795;151.0;0.0;0.0;

0.39195549029003957;0.2321983829992578;0.6241538732892973;90.70969918140915;53.73734006554252;144.44703924695165;229.42322675177832;70.0;0.0;0.0;
0.22841022785541104;0.005392264865430194;0.9190331762870743;119.98116650551508;0.7081230936280206;120.6892895991431;129.66196511829594;133.0;0.0;0.0;

0.40388503458256464;0.24586827658652052;0.6497533111690852;123.45165207995373;75.15219020191759;198.60384228187132;303.1388626849338;53.0;0.0;0.0;
0.2090383264104778;0.0012338961800771081;0.8373872018219883;118.44631600593628;0.1747890678393381;118.62110507377561;140.77343997185204;127.0;0.0;0.0;

0.4229620012688862;0.28787262691109305;0.7108346281799792;126.88860038066586;86.36178807332792;213.25038845399376;290.6033322160631;54.0;0.0;0.0;
0.2162023033551816;0.008854531316435444;0.8736637447371618;109.9739899753017;1.1259918640065785;111.09998183930828;123.97492828031278;148.0;0.0;0.0;

0.4112529093458612;0.6077694006629196;1.0190223100087807;99.4372706179545;146.95319836924327;246.39046898719775;239.39453659979264;67.0;0.0;0.0;
0.19731100150685926;0.00792475697526388;0.7971687630027009;124.47367058371078;1.24983348832765;125.72350407203844;152.88340553122885;132.0;0.0;0.0;

0.5853169433325467;0.4113729487611245;0.9966898920936711;120.02701875933235;84.35749075861034;204.3845095179427;199.85183924847863;79.0;0.0;0.0;
0.20098265998172357;1.2249850168125165e-05;0.8039428897770624;102.66518356197925;0.0015643552486464204;102.6667479172279;126.81294514926115;142.0;0.0;0.0;

0.40482538040614585;0.14228952299254627;0.5471149033986921;136.62856588707422;48.02271400998436;184.65127989705857;329.98103025888184;48.0;0.0;0.0;
0.21186957992348693;0.0;0.8474783196939477;120.24216854775567;0.0;120.24216854775567;140.87241977220233;134.0;0.0;0.0;

0.42545562686734445;0.12162636130827591;0.5470819881756203;114.87301925418299;32.839117553234495;147.7121368074175;267.80437238537456;60.0;0.0;0.0;
0.14755133487437896;0.0012153030966070494;0.5914206425941229;113.42353863421903;0.2335525765450583;113.65709121076408;189.17952484770345;131.0;0.0;0.0;

0.4381286980156246;0.2724497523999653;0.7105784504155898;118.29474846421864;73.56143314799061;191.85618161220924;268.8730239609951;60.0;0.0;0.0;
0.2557017678304437;0.012421820825091802;1.0352288921468666;143.46862508751337;1.7424024577345738;145.21102754524796;138.24210020714142;149.0;0.0;0.0;

0.41658537559914977;0.16503553481229033;0.5816209104114402;129.78236701358128;51.41491661459814;181.19728362817943;298.0216470908297;52.0;0.0;0.0;
0.2255178846957936;0.0226428058095365;0.9247143445927108;109.74438087171514;2.7546825256431724;112.49906339735831;121.15813564170661;145.0;0.0;0.0;

0.4624576151210389;0.2431355974922606;0.7055932126132994;117.05958382751297;61.543698115228466;178.60328194274143;248.65219714060802;65.0;0.0;0.0;
0.17740033428921426;0.008924902116822174;0.7185262392736792;107.8360636444813;1.3562915714710075;109.1923552159523;151.58098805848988;137.0;0.0;0.0;

0.3079581196589319;0.1109376929148114;0.41889581257374325;86.01588859439133;30.986045262412837;117.00193385680416;278.3808839300873;58.0;0.0;0.0;
0.1659532179194032;0.0005711981974180554;0.6643840698750308;106.57811270317382;0.09170841431022575;106.66982111748405;158.70955929686767;127.0;0.0;0.0;

0.5254497372268322;0.4658090840128009;0.9912588212396332;121.60408204392401;107.80153087153393;229.40561291545797;218.45031044376094;74.0;0.0;0.0;
0.2023641710242487;0.0;0.8094566840969948;115.69385694587427;0.0;115.69385694587427;144.4362627835196;137.0;0.0;0.0;

0.4902649249106722;0.2611711179385875;0.7514360428492598;130.20150464840802;69.36019853451012;199.56170318291817;260.39836054911063;62.0;0.0;0.0;
0.17966351819168952;0.0;0.7186540727667581;118.93021150544374;0.0;118.93021150544374;163.29752373973378;150.0;0.0;0.0;

0.3702090223865542;0.18633775404334138;0.5565467764298956;124.94554505546203;62.88899198962772;187.83453704508975;319.4157421382188;49.0;0.0;0.0;
0.20733553808545296;0.022574002813023505;0.8519161551548352;120.77572523453067;3.2874146737757663;124.06313990830641;137.55742272403907;140.0;0.0;0.0;

0.4420241632061676;0.2712160683702552;0.7132402315764228;123.46192144723992;75.75345357927817;199.2153750265181;278.09774830928427;58.0;0.0;0.0;
0.2271289865373574;0.0023776525162170826;0.9108935986656468;125.20683958261274;0.3276754342539887;125.53451501686673;137.40140901598687;148.0;0.0;0.0;

0.40466045200664946;0.3005172800136343;0.7051777320202838;119.19089677286766;88.51599884037955;207.7068956132472;288.87609503813496;56.0;0.0;0.0;
0.19181223680997636;0.0;0.7672489472399054;115.79392152541968;0.0;115.79392152541968;151.6639374679901;132.0;0.0;0.0;

0.39291362951151854;0.09756446443347375;0.49047809394499225;104.34755406699344;25.910562685611062;130.2581167526045;262.8259101970455;61.0;0.0;0.0;
0.2317007938436893;0.0004623779012352307;0.9272655532759925;128.4095030799927;0.06406291876241994;128.4735659987551;133.85132717978505;160.0;0.0;0.0;

0.46043564844626134;0.28855017610173334;0.7489858245479947;114.75473084352976;71.91558235150892;186.6703131950387;240.84427027691967;67.0;0.0;0.0;
0.22011802333923697;0.00041394174323995425;0.8808860351001878;117.69144927802809;0.055331002590712795;117.7467802806188;133.7848469331438;135.0;0.0;0.0;

0.42146543849330065;0.2901549847102114;0.7116204232035122;121.92393042127627;83.93769200545401;205.8616224267303;277.07655446322167;58.0;0.0;0.0;
0.1706951999197453;0.0013068142860069105;0.6840876139649882;117.29575964497252;0.2244992455326093;117.52025889050513;173.78332768888797;137.0;0.0;0.0;

0.5542179092901142;2.0786149419609425;2.632832851251057;130.1207265289833;488.02263854735173;618.143365076335;234.18783565831507;69.0;0.0;0.0;
0.21187064901690608;0.015099124563451636;0.862581720631076;132.4904016450021;2.360507563437912;134.85090920844002;151.44465151828683;129.0;0.0;0.0;

0.5154155994141029;0.6260351621335463;1.1414507615476492;111.32976947344622;135.223595020846;246.55336449429223;214.31438403433168;75.0;0.0;0.0;
0.17924336471937147;0.0;0.7169734588774859;114.51842967117776;0.0;114.51842967117776;152.2312667740635;134.0;0.0;0.0;

0.4026024694230615;0.1880743569181223;0.5906768263411837;118.58472735733811;55.39644694679238;173.98117430413046;285.7635659077763;55.0;0.0;0.0;
0.17704781061803163;0.0;0.7081912424721265;111.30681201805673;0.0;111.30681201805673;156.41868304298882;140.0;0.0;0.0;

0.38841764367283055;0.6620074262622891;1.0504250699351199;125.8473165499971;214.4904061089817;340.3377226589788;318.7805891847671;50.0;0.0;0.0;
0.2112616960003038;0.001010971959395034;0.8460577559606103;138.05369434489396;0.16516057633251682;138.21885492122647;162.49252380166803;132.0;0.0;0.0;

0.5295798088822405;0.45643195839609063;0.9860117672783312;120.8337028717225;104.14362994389674;224.97733281561923;220.92056339312316;72.0;0.0;0.0;
0.21531805236806162;0.0012976825578515034;0.862569892030098;118.46945818287323;0.17849844431441234;118.64795662718764;136.15278150590032;137.0;0.0;0.0;

0.297093235178886;0.14283222760547104;0.43992546278435696;90.80963037543306;43.65815258884209;134.46778296427516;298.7552962432554;54.0;0.0;0.0;
0.17412010644397294;0.0;0.6964804257758918;113.82681375845053;0.0;113.82681375845053;162.06420393746157;146.0;0.0;0.0;

0.567591921750088;0.6515617050252668;1.2191536267753547;129.50688918804826;148.66619185083553;278.17308103888377;214.53043066010002;71.0;0.0;0.0;
0.14908880284659726;0.004212102916510957;0.6005673143029;115.45287238264343;0.8154525544464771;116.2683249370899;192.35661127222048;127.0;0.0;0.0;

0.48377446376538297;0.32133394298788176;0.8051084067532648;116.97233302983886;77.69566979706991;194.6680028269088;234.73328799925662;67.0;0.0;0.0;
0.232685163623763;0.014403852969609856;0.9451445074646618;133.19210219272108;2.0612395595183535;135.25334175223944;138.4775235121662;142.0;0.0;0.0;

0.39476328104667124;0.43965496564886813;0.8344182466955394;104.8387729992799;116.76082694281416;221.59959994209407;263.19775853263025;61.0;0.0;0.0;
0.18684277253558895;0.0;0.7473710901423558;122.10519284026677;0.0;122.10519284026677;153.06511721498853;136.0;0.0;0.0;

0.46941644067250554;0.3435592204584668;0.8129756611309723;131.11286791197568;95.95964433495107;227.07251224692675;272.89753502650655;58.0;0.0;0.0;
0.23170788064465256;0.017610407620428103;0.9444419301990384;139.2452561112301;2.6457513146589013;141.891007425889;149.11345953447474;129.0;0.0;0.0;

0.5805833346993154;0.46192915315076766;1.0425124878500833;122.14870158608976;97.18509455899267;219.3337961450825;207.40763572801504;77.0;0.0;0.0;
0.21654453045925262;0.007815417321768882;0.8739935391587793;124.34407585536925;1.1219411109557687;125.46601696632501;142.58224159573436;134.0;0.0;0.0;

0.5021077477937348;0.2874290932452874;0.7895368410390222;129.11342086124608;73.91033826307391;203.02375912432;244.56795855329605;66.0;0.0;0.0;
0.23909989589229708;0.0;0.9563995835691883;130.2897869266314;0.0;130.2897869266314;135.5085671860116;142.0;0.0;0.0;

0.37723655925727617;0.17992667024455208;0.5571632295018283;97.00368666615672;46.26685806288482;143.27054472904155;254.56854819818653;63.0;0.0;0.0;
0.14837952465276938;0.0;0.5935180986110775;100.70847263046707;0.0;100.70847263046707;169.32140887331263;125.0;0.0;0.0;

0.5149371325977885;0.6982203983878978;1.2131575309856866;143.82726807041678;195.02018023937836;338.8474483097952;253.04051382412453;64.0;0.0;0.0;
0.20751961859404913;0.01425384628225608;0.8443323206584527;115.7733666958995;1.9880238114869235;117.76139050738642;141.06739807957592;125.0;0.0;0.0;

0.5311412148892277;0.7839759469519434;1.3151171618411714;116.27686055683094;171.62716676515518;287.9040273219862;215.47312354081856;75.0;0.0;0.0;
0.16271099642815925;0.00014217038049148232;0.6509861560931285;102.35294171514467;0.022357979773188662;102.37529969491786;152.7383155865952;128.0;0.0;0.0;

0.5318063988293725;0.5887997753811107;1.120606174210483;114.87018214714446;127.18075148231992;242.0509336294643;213.19975885468136;75.0;0.0;0.0;
0.20319336625348014;0.010560322728016642;0.8233337877419372;113.25731904284493;1.4715463679438683;114.7288654107888;135.0958478665996;147.0;0.0;0.0;

0.3718828807879565;0.2024910265547279;0.5743739073426843;94.13285419945149;51.255541096665496;145.38839529611698;241.5961520521873;67.0;0.0;0.0;
0.2361408680791101;0.0;0.9445634723164404;125.78838738468798;0.0;125.78838738468798;132.67097575736037;146.0;0.0;0.0;

0.3674058332154633;0.10593739676303422;0.47334322997849754;100.88092369644924;29.087895382392446;129.9688190788417;260.84078233716895;62.0;0.0;0.0;
0.2558462513379223;0.0016988940009232446;1.0250838993526126;124.12193592011906;0.20605149695856992;124.32798741707762;120.94526412238669;154.0;0.0;0.0;

0.4850113587080669;0.5304507677083908;1.0154621264164576;124.71720652493148;136.40162598215764;261.1188325070891;247.23664641038368;63.0;0.0;0.0;
0.21128752444318546;0.0016706292796864074;0.8468207270524283;136.46289416454508;0.2697496068246793;136.73264377136974;158.105677341893;138.0;0.0;0.0;

0.594020593375149;0.9990898469636229;1.5931104403387712;126.6201791141765;212.96388843171962;339.58406754589595;206.4132943395898;76.0;0.0;0.0;
0.16517304205626188;7.435637559617595e-05;0.6607665246006438;119.40791771709779;0.013438542797900225;119.42135625989569;173.72072392981337;134.0;0.0;0.0;

0.43139275858984766;0.21047961587782593;0.6418723744676736;109.19629201805519;53.27765276907469;162.47394478712988;247.62273237581516;65.0;0.0;0.0;
0.19896268605910591;9.827658748767422e-05;0.7959490208239114;125.0009809215666;0.015435896650910242;125.01641681821751;150.32008993030087;130.0;0.0;0.0;

0.47183193066568074;0.38337930100643935;0.8552112316721201;117.59503502744658;95.5499180969895;213.14495312443609;236.4292615721569;67.0;0.0;0.0;
0.2168689705643249;0.0044379208386983345;0.8719138030959979;116.7730194503392;0.5973992211378573;117.37041867147707;135.45143186724047;138.0;0.0;0.0;

0.4803223103916851;0.5738858737916189;1.0542081841833042;127.56100702205407;152.4090353348234;279.9700423568775;238.84334529516485;65.0;0.0;0.0;
0.16772116484099794;0.0011737597099907599;0.6720584190739826;104.84037062784529;0.18342557294442183;105.02379620078972;159.33922460651678;146.0;0.0;0.0;

0.4928934550422786;0.4697676205178162;0.9626610755600948;114.06962816692733;108.71764931983746;222.7872774867648;224.38183483459514;72.0;0.0;0.0;
0.21287922838735243;0.0;0.8515169135494097;120.11612445828025;0.0;120.11612445828025;138.06776857982697;135.0;0.0;0.0;

0.4968418667811837;0.3349666455918899;0.8318085123730735;110.25805810760514;74.3350638162824;184.59312192388754;218.80710368843705;74.0;0.0;0.0;
0.22318517674231728;0.00010493330730765204;0.8928456402765768;119.75328477373377;0.014075876829816767;119.76736065056359;132.63766535317993;151.0;0.0;0.0;

0.5104170320752007;0.40375324815528946;0.9141702802304901;111.73994485970611;88.38922459615796;200.12916945586406;217.83928010512452;74.0;0.0;0.0;
0.1801818124822126;0.0;0.7207272499288504;118.53519202926395;0.0;118.53519202926395;162.46150125602884;118.0;0.0;0.0;

0.5330238338568399;0.6493536856814854;1.1823775195383255;132.84594013047396;161.83891858523174;294.68485871570573;242.9002846593519;66.0;0.0;0.0;
0.15573607315180377;0.0012550815891482227;0.6241993741963633;101.47748436324453;0.20445250698795744;101.68193687023248;163.8970110585069;121.0;0.0;0.0;

0.48841503757187754;0.30320191691150333;0.7916169544833809;138.81269488884942;86.17317638537463;224.98587127422405;275.81857360518285;58.0;0.0;0.0;
0.20037439642244376;0.00028028211144948617;0.8017778678012247;127.67307255092113;0.04464701951537285;127.71771957043653;158.2886992545424;143.0;0.0;0.0;

0.37963012817767333;0.19292834500218237;0.5725584731798556;111.81832866324196;56.82616707337008;168.64449573661201;292.3352922317722;55.0;0.0;0.0;
0.1773448306468354;0.0;0.7093793225873416;116.92194318025471;0.0;116.92194318025471;163.25362876780736;146.0;0.0;0.0;

0.3934479747706388;0.4647228104464484;0.8581707852170871;115.88831256880634;136.88199144059027;252.77030400939657;269.5128403262431;60.0;0.0;0.0;
0.17344695261661092;0.0032740432321569533;0.6970618536986006;113.88996330670165;0.5374563489724865;114.42741965567413;168.53560247509535;118.0;0.0;0.0;

0.5850241378295186;0.9128878100155933;1.4979119478451113;126.36521377117602;197.18376696336816;323.54898073454405;210.63181176685387;75.0;0.0;0.0;
0.22631429791749552;0.0005457707181341789;0.9058029623881163;126.60681066014877;0.0763300094277049;126.68314066957647;134.94225523559086;151.0;0.0;0.0;

0.46630929747184074;0.34268890546772723;0.8089982029395679;112.74941222453462;82.85910848622659;195.60852071076118;227.8457267636698;71.0;0.0;0.0;
0.20380713292348276;0.006011449017576996;0.821239980711508;120.15839693918433;0.8860412131709787;121.04443815235531;145.74488684315546;135.0;0.0;0.0;

0.4790636890897582;0.48471277794604545;0.9637764670358037;141.10603205916513;142.76994550410794;283.87597756327307;263.64532265048933;61.0;0.0;0.0;
0.2425785499209649;0.004486937089029291;0.974801136772889;126.08009085266085;0.583020877174943;126.66311172983582;134.09451413891315;149.0;0.0;0.0;

0.4866711876658937;0.2615089549600191;0.7481801426259127;115.94225353216879;62.300662799298664;178.24291633146746;234.1112941384706;68.0;0.0;0.0;
0.1672345661291874;0.0011679034934877347;0.6701061680102374;124.88315236615908;0.21803427560174538;125.10118664176083;186.63974158682166;122.0;0.0;0.0;

0.454683349597652;0.26169091261438954;0.7163742622120415;105.22671804974232;60.56275406218729;165.7894721119296;228.22348757483945;70.0;0.0;0.0;
0.1639269526422228;0.0004962884628368076;0.6562040990317279;118.8002157526318;0.08991684331074513;118.89013259594255;176.537913755174;130.0;0.0;0.0;

0.6233172921026389;0.5317642128469414;1.1550815049495806;150.71253928451867;128.57582459881272;279.28836388333144;240.4130428108175;67.0;0.0;0.0;
0.19075446043320762;0.004789019684254254;0.7678068614170848;127.08044498521224;0.7976101202769362;127.87805510548918;166.22594165414606;131.0;0.0;0.0;

0.4549350214281881;0.3354382334581175;0.7903732548863055;118.870118502204;87.64676422615328;206.51688272835725;255.95509112611174;63.0;0.0;0.0;
0.15312984285933773;0.0019018599073097617;0.6144212313446606;100.71019574877484;0.3127030629291754;101.02289881170401;160.8911778829312;138.0;0.0;0.0;

0.49990972228334096;0.3291479543677001;0.829057676651041;109.43969595932599;72.05671433455056;181.49641029387655;209.96422127195308;77.0;0.0;0.0;
0.2078963878942281;0.00857090453199257;0.8401564561089049;140.75148333929408;1.4506836057334467;142.20216694502753;171.390181638944;128.0;0.0;0.0;

0.4306401425814226;0.2919291079669006;0.7225692505483231;114.36672639047616;77.52871391907853;191.89544030955466;262.4264153419995;61.0;0.0;0.0;
0.11468435845244254;0.00010139108436290274;0.4588388248941331;112.76249550244316;0.024922997017070885;112.78741849946023;242.87962539119587;125.0;0.0;0.0;

0.4585903830915986;0.453091521743203;0.9116819048348016;121.78957714891635;120.32922380721128;242.11880095612764;259.5799129492273;62.0;0.0;0.0;
0.2219382474942147;0.01626840167204151;0.9040213916489003;142.66151779705896;2.6143250440937997;145.27584284115278;148.9202642631157;138.0;0.0;0.0;

0.3939856116161811;0.27986277788221375;0.6738483894983949;108.17910013868024;76.84367799477734;185.02277813345756;271.42845670826665;59.0;0.0;0.0;
0.19079338119656286;0.0002599741903968976;0.7634334989766485;121.10613514448396;0.04125466674843393;121.14738981123242;153.5181536400775;137.0;0.0;0.0;

0.46398417769191963;0.24538973484927765;0.7093739125411973;136.6644305201654;72.27843099196906;208.94286151213447;279.1952857574831;58.0;0.0;0.0;
0.19256367116365958;0.004079981758348169;0.7743346664129865;100.7243716642557;0.5335295029013748;101.25790116715707;133.40751171484186;146.0;0.0;0.0;

0.40137257054536885;0.36128827379472456;0.7626608443400933;106.5940269317209;95.94868910613997;202.54271603786086;262.21430296801293;61.0;0.0;0.0;
0.20740556965835855;0.0027577013293212586;0.8323799799627555;118.24688760282906;0.39305791024267417;118.63994551307174;137.15667898093514;135.0;0.0;0.0;

0.40528305883954013;0.18268610003534455;0.5879691588748847;117.24259916429553;52.848478938796106;170.09107810309163;281.7248749818157;57.0;0.0;0.0;
0.19051906201210347;0.004525058931288816;0.7666013069797027;120.59402965284183;0.7160636384327159;121.31009329127454;155.76065148346927;121.0;0.0;0.0;

0.4920029756661148;0.5312490692628037;1.0232520449289186;117.21247361457439;126.56227826555029;243.77475188012474;234.1004665607968;69.0;0.0;0.0;
0.2369850307055098;0.0008221404490410034;0.94876226327108;130.31629508976636;0.11302222026799257;130.42931731003435;132.47879475869277;148.0;0.0;0.0;

0.48383836534940516;0.21799417865888812;0.7018325440082933;139.96752711893507;63.06260168346406;203.03012880239913;277.048998690302;58.0;0.0;0.0;
0.3027332737815301;0.040914198031568726;1.251847293157689;146.91463895712263;4.963853623475452;151.87849258059808;117.22106772451728;153.0;0.0;0.0;

0.355891771535557;0.15306236492818956;0.5089541364637465;96.09077831460039;41.326838530611184;137.41761684521154;266.71249434089793;60.0;0.0;0.0;
0.21463001270727977;0.00025266935079017655;0.8587727201799092;130.3114520841675;0.03835170764716989;130.34980379181468;150.30391302395032;124.0;0.0;0.0;

0.5988099095108843;0.9306243142749487;1.529434223785833;127.64105965889904;198.3699196217654;326.0109792806644;211.80384263523104;76.0;0.0;0.0;
0.19190125819018228;0.0;0.7676050327607291;114.17604807565796;0.0;114.17604807565796;146.40747169070062;142.0;0.0;0.0;

0.48298508196191026;0.33133506033681803;0.8143201422987283;120.374743504353;82.57889196086849;202.9536354652215;240.25082784999657;67.0;0.0;0.0;
0.21198255911430008;0.0;0.8479302364572003;115.14111436930497;0.0;115.14111436930497;137.64120492136638;136.0;0.0;0.0;

0.3913075088064002;0.24383846189195238;0.6351459706983525;115.2578480484306;71.82151059362961;187.0793586420602;280.5486750711891;57.0;0.0;0.0;
0.1685339099366296;0.00023682781116420699;0.6743724675576825;116.51423221875078;0.040932134364265946;116.55516435311505;173.92256217814133;128.0;0.0;0.0;

0.5191633639510999;0.4412363913935156;0.9603997553446157;127.43100751526998;108.30347788749928;235.7344854027693;241.89081271315362;66.0;0.0;0.0;
0.19134092779155673;0.0;0.7653637111662269;123.45098173629374;0.0;123.45098173629374;160.10880946180603;127.0;0.0;0.0;

0.5284724942129498;0.5242034137241364;1.0526759079370858;118.90631119791371;117.94576808793067;236.8520792858443;212.27813639189702;76.0;0.0;0.0;
0.1778676946412562;0.004527008734649143;0.715997787299674;110.46519583368782;0.7028776465316605;111.16807348021948;157.41480722663542;137.0;0.0;0.0;

0.32986881036911664;0.1272693874060747;0.4571381977751914;100.82782505622056;38.901208980724725;139.7290340369453;302.56947722729217;53.0;0.0;0.0;
0.18168853064646037;0.015618573041592735;0.7423726956274342;121.03809072643323;2.601212985348334;123.63930371178155;151.32478175001845;135.0;0.0;0.0;

0.5619744464859259;0.3155423277413258;0.8775167742272516;162.57117916199996;91.28188766802639;253.85306683002636;284.4157062802518;56.0;0.0;0.0;
0.14511692011752844;0.0021868886189417873;0.5826545690890556;121.30799437512754;0.45702298544988407;121.76501736057742;203.9325391924906;122.0;0.0;0.0;

0.37608715676453824;0.28765394050421855;0.6637410972687569;99.87888425550032;76.39334157653018;176.2722258320305;259.3575308068321;61.0;0.0;0.0;
0.25334237353174394;0.004566196517917124;1.0179356906448929;138.87259494699452;0.6257535510553134;139.49834849804984;135.2760158163815;150.0;0.0;0.0;

0.493993347366734;0.6558567811885453;1.1498501285552791;137.97745219553605;183.18758371128334;321.16503590681936;277.77276665047367;58.0;0.0;0.0;
0.16730456659727605;0.0008889593459840127;0.6701072257350882;112.99723789940556;0.15010043172170492;113.14733833112727;164.18632303039516;132.0;0.0;0.0;

0.4250779079611023;0.3217505446184206;0.7468284525795229;109.3057477614263;82.73585433045102;192.0416020918773;241.390761019391;66.0;0.0;0.0;
0.1293418493068308;0.0020539967548184133;0.5194213939821416;101.57780277392887;0.4032733380135303;101.9810761119424;190.9186472322583;143.0;0.0;0.0;

0.4678589450106023;0.6249236428655561;1.0927825878761586;137.80572562130467;184.06841844403652;321.8741440653413;293.6798491939265;55.0;0.0;0.0;
0.16494228788115267;0.0;0.6597691515246107;120.93943036161862;0.0;120.93943036161862;179.1229468532981;137.0;0.0;0.0;

0.4540954344869277;0.47414384884391586;0.9282392833308436;124.68383116420726;130.18865002154976;254.87248118575704;267.99233161040615;59.0;0.0;0.0;
0.24640282731146684;0.0035509245865585344;0.9891622338324259;127.33073310850638;0.458742535295654;127.78947564380204;126.28775564735326;146.0;0.0;0.0;

0.3811463303717376;0.24893311760537012;0.6300794479771077;112.26491912767544;73.32211827649084;185.58703740416627;287.32741172202657;56.0;0.0;0.0;
0.1512276590051469;0.003452689369647372;0.608363325390235;89.61643060625019;0.5115097650381051;90.1279403712883;148.8140161735951;141.0;0.0;0.0;

0.46213623564098427;0.16867366946690648;0.6308099051078908;115.17856949821454;42.038668390213616;157.21723788842817;247.78850591115855;65.0;0.0;0.0;
0.23925386855103506;0.005310388390401088;0.9623258625945411;141.77063523204816;0.7866718519490361;142.55730708399716;143.64220243280798;133.0;0.0;0.0;

0.3951374417014485;0.17857965903096518;0.5737171007324137;106.6871092593911;48.21650793836059;154.9036171977517;263.5083387086972;60.0;0.0;0.0;
0.22354463501447058;0.003271663743568684;0.897450203801451;114.35837305023416;0.418419953198311;114.77679300343247;124.16962587997308;153.0;0.0;0.0;

0.5035093959017196;1.1424972251434862;1.6460066210452058;125.49003405550549;284.74546226653035;410.23549632203594;247.90324923358855;65.0;0.0;0.0;
0.1984338483267258;0.007337365911630683;0.8010727592185339;115.59343835764079;1.0685568028911023;116.66199516053189;145.08900499670054;140.0;0.0;0.0;

0.40227938797936796;0.1763957674898973;0.5786751554692653;127.7828644169757;56.03159673208502;183.81446114906075;310.66010980143005;51.0;0.0;0.0;
0.154232259180189;0.002484165467087392;0.6194132021878435;108.52853930266139;0.4370078785108959;108.96554718117228;173.38193112438984;124.0;0.0;0.0;

0.5795857541259605;0.6219885752090133;1.2015743293349739;134.13270309772227;143.94592740551448;278.0786305032368;221.5732487597562;72.0;0.0;0.0;
0.19513914159514836;0.0;0.7805565663805935;123.71382838734864;0.0;123.71382838734864;156.91663251912695;123.0;0.0;0.0;

0.45188315595809536;0.34815852630515337;0.8000416822632487;118.07269558905072;90.97045364747555;209.04314923652626;260.1613924597383;62.0;0.0;0.0;
0.19900253502350682;0.0;0.7960101400940273;109.52836050935701;0.0;109.52836050935701;137.40259443328353;155.0;0.0;0.0;

0.5006714948970539;0.3771962356653266;0.8778677305623805;135.18130362220455;101.84298362963818;237.02428725184276;260.7854548732557;62.0;0.0;0.0;
0.2046781178260711;0.0006686210706921087;0.8193810923749765;111.76629326808946;0.09127660966633076;111.8575698777558;136.1338392953045;155.0;0.0;0.0;

0.5675530987435762;0.48308255652753973;1.0506356552711162;127.69944721730465;108.69357521869644;236.39302243600116;218.58613001411163;73.0;0.0;0.0;
0.17718697135413383;0.003426307499973443;0.712174192916509;129.9779092892103;0.6283536001899428;130.60626288940026;184.04454733349573;129.0;0.0;0.0;

0.527176078652843;0.641211906781286;1.1683879854341286;137.74600764800093;167.5424659654328;305.28847361343355;257.9711648767466;62.0;0.0;0.0;
0.21607750412701118;0.004404764781015161;0.86871478128906;119.35895301357795;0.6082864973116483;119.9672395108896;136.0334308272357;161.0;0.0;0.0;

0.516019821265148;0.4668612964719286;0.9828811177370766;134.83098555637739;121.98633875556844;256.8173243119458;255.36114227682052;62.0;0.0;0.0;
0.17957554707926104;0.0;0.7183021883170442;115.59766539824925;0.0;115.59766539824925;158.43405094158695;150.0;0.0;0.0;

0.29381576442798774;0.04105361881613079;0.3348693832441185;84.9967032809536;11.876225443237834;96.87292872419142;280.87754089263586;56.0;0.0;0.0;
0.21215531537618176;0.004368483856734869;0.852989745361462;117.3639762880824;0.6041595456465546;117.96813583372895;133.5533233401544;135.0;0.0;0.0;

0.5230464234739736;0.4365595273624923;0.9596059508364659;124.60811853350548;104.00388740106435;228.61200593456982;233.30895929103215;69.0;0.0;0.0;
0.18140991016938446;0.009580379164145744;0.7352200198416836;125.52183176997306;1.6572230544235782;127.17905482439664;173.25962456290785;141.0;0.0;0.0;

0.5613864789610492;0.8660875107372343;1.4274739896982835;142.10095248701558;219.22840115536243;361.329353642378;248.0653839434881;65.0;0.0;0.0;
0.17423108842556687;0.0;0.6969243537022675;129.13075182899104;0.0;129.13075182899104;185.17568027238178;146.0;0.0;0.0;

0.35053548402355617;0.18313414826346164;0.5336696322870178;90.13769589177159;47.09163812489014;137.2293340166617;252.41172470747563;64.0;0.0;0.0;
0.18802790268243735;0.00843376356441149;0.7605453742941609;101.11954586547233;1.1338986520133565;102.25344451748569;133.0035824994575;146.0;0.0;0.0;

0.44797577291095486;0.5497265745221611;0.9977023474331159;127.31943019574506;156.23807907471948;283.55750927046455;273.948136274072;57.0;0.0;0.0;
0.20927082241336245;0.008613931349281732;0.8456972210027315;118.15272578275491;1.2158401454226977;119.36856592817762;138.6057081690574;143.0;0.0;0.0;

0.5278413066573071;0.3485457494695527;0.8763870561268599;120.43703053307571;79.52734001981344;199.96437055288916;221.14713913465508;73.0;0.0;0.0;
0.16655878853356798;0.0002473471756540308;0.6664825013099259;103.28727184511885;0.03834654297865432;103.32561838809751;151.6163422591934;139.0;0.0;0.0;

0.3626893181673986;0.1279126258947611;0.4906019440621596;96.32076974281732;33.97023835237918;130.2910080951965;256.4148147841066;62.0;0.0;0.0;
0.17511620963540994;0.004754322668738683;0.7052191612103784;117.60345925769887;0.7982196414527469;118.40167889915162;164.28080373206734;131.0;0.0;0.0;

0.48008986328330056;0.30404627791419797;0.7841361411974985;112.7167505099923;71.38477829289866;184.10152880289095;230.58547258181954;70.0;0.0;0.0;
0.19440346444365744;0.002115063852625369;0.7797289216272549;121.89969886485815;0.3315599948962111;122.23125885975435;156.68459075025442;135.0;0.0;0.0;

0.5123395983525205;0.6543326013063081;1.1666721996588287;131.744468147791;168.25695462162207;300.00142276941307;251.7723905576709;64.0;0.0;0.0;
0.1614462349971508;0.007771231654973336;0.6535561716435766;107.38528039772093;1.292250467035797;108.67753086475673;166.1673558431741;125.0;0.0;0.0;

0.3843479580484752;0.26957849216048196;0.6539264502089572;122.08699843892742;85.63081515685897;207.71781359578642;306.73833041595304;51.0;0.0;0.0;
0.2265936363804422;0.012660690382897426;0.9190352359046662;120.72097229439821;1.6862905743473413;122.40726286874555;132.99441323235507;139.0;0.0;0.0;

0.3779806272814879;0.3365237910610797;0.7145044183425676;105.57389934413973;93.99457612395675;199.56847546809647;260.48494308413467;62.0;0.0;0.0;
0.20558384619306994;0.0024246247274524397;0.8247600094997322;134.08722957407258;0.39535111644370974;134.48258069051627;161.636850251735;142.0;0.0;0.0;

0.4886884288139241;0.523715495422676;1.0124039242365999;118.16048577291896;126.62971680369184;244.7902025766107;236.3477686676056;67.0;0.0;0.0;
0.13801202382502978;0.0030030326099350583;0.5550511279100542;103.2181977904241;0.561486610573047;103.77968440099716;185.65259106772208;120.0;0.0;0.0;

0.4215821795850391;0.22979838506093472;0.6513805646459737;113.82718848796054;62.04556396645238;175.8727524544129;265.46063576157417;60.0;0.0;0.0;
0.22133710927678937;0.0275260972937231;0.9128745344008806;112.22283192594321;3.4890857211698743;115.71191764711308;126.69290498577622;156.0;0.0;0.0;

0.39128379544231107;0.09678441366861958;0.4880682091109307;107.43724552822779;26.574703414095545;134.01194894232333;271.3780789325823;59.0;0.0;0.0;
0.2520990569808138;0.014666548852585264;1.0230627767758405;131.92449595483643;1.9187666625440323;133.84326261738047;127.55708555307486;143.0;0.0;0.0;

0.4177919332949405;0.5800868029088174;0.997878736203758;94.0031849913616;130.5195306544839;224.52271564584555;210.19408539940378;72.0;0.0;0.0;
0.17410419866180582;0.005138748578113359;0.7015555432253366;132.04084918361667;0.9743083900480946;133.01515757366477;181.45310726347475;143.0;0.0;0.0;

0.398985213942408;0.37026207584712945;0.7692472897895375;126.73647972288254;117.61265938673525;244.3491391096178;313.00299403494336;51.0;0.0;0.0;
0.21103870496406316;0.00032586511599361597;0.8444806849722462;119.43606328760474;0.04610534193675954;119.48216862954149;140.80705231987096;144.0;0.0;0.0;

0.41817944055225587;0.09429891651270916;0.512478357064965;107.53185614200866;24.248292817553786;131.78014895956244;248.1191350060098;65.0;0.0;0.0;
0.19809814317592894;0.020246645173685508;0.8126392178774012;123.62674654559244;3.1588217223505826;126.78556826794302;149.8204601793181;128.0;0.0;0.0;

