0.26738066625941465;0.0;1.604283997556488;577.5422391203357;0.0;577.5422391203357;329.24125528066986;49.0;0.0;0.0;
0.6881104732675607;-1.896850618909556;0.8555912741606879;675.413993285076;-465.46285115355766;209.9511421315185;217.35974251167053;74.0;0.0;0.0;

0.20804788708329502;0.0;1.2482873224997701;493.22572254868965;0.0;493.22572254868965;372.5949231571937;41.0;0.0;0.0;
0.5729309329261503;-1.8861121297707077;0.405611601933894;577.6727105715122;-475.4305640654308;102.24214650608155;224.05957079138125;72.0;0.0;0.0;

0.30209915996804293;0.0025792987400940163;1.8151742585483517;734.1009587223443;1.0446159897380767;735.1455747120824;394.51356650269963;41.0;0.0;0.0;
0.6475708987655525;-1.7216627813880476;0.8686208136741644;534.2504376719722;-355.095903874579;179.15453379739364;187.60798006939714;86.0;0.0;0.0;

0.22787548933665586;0.0;1.3672529360199352;582.8815148295513;0.0;582.8815148295513;414.54600389272554;39.0;0.0;0.0;
0.5557114746911919;-1.1494206800173954;1.073425218747373;603.4344297202198;-312.0324323608563;291.4019973593637;234.30823076420194;69.0;0.0;0.0;

0.15521928102776858;0.0;0.9313156861666114;457.19133684542743;0.0;457.19133684542743;445.4753381997657;34.0;0.0;0.0;
0.6586903194340931;-1.3977412730098238;1.2370200047265485;649.1093682579564;-344.35262214380367;304.75674611415263;205.18582390845359;78.0;0.0;0.0;

0.1723629597334166;0.0;1.0341777584004996;452.8021536780566;0.0;452.8021536780566;407.02898866453614;38.0;0.0;0.0;
0.6803230948284715;-1.8119598040069198;0.9093325753069657;629.9887090976433;-419.4750356633659;210.51367343427725;197.82914767892484;81.0;0.0;0.0;

0.23234028837346055;0.0;1.3940417302407633;627.3187786083435;0.0;627.3187786083435;413.35849367369633;39.0;0.0;0.0;
0.7231988574867276;-0.7753855863479562;2.117409843598954;640.6938053001004;-171.7317224540965;468.96208284600385;204.86238648192992;79.0;1.0;0.012195121951219513;

0.23896728974364212;0.0;1.4338037384618527;703.8672897903641;0.0;703.8672897903641;443.12225516803323;36.0;0.0;0.0;
0.6859625894500669;-1.4940905018419797;1.2497598559582908;587.8491604940284;-320.0975755522026;267.75158494182637;204.84791896415533;79.0;0.0;0.0;

0.21731038727630123;0.0;1.3038623236578075;586.7380456460133;0.0;586.7380456460133;430.437752458214;36.0;0.0;0.0;
0.5930585404231844;-1.49116239878395;0.8810717629087887;560.8067011843586;-352.5174197792778;208.28928140508106;202.0309083738588;80.0;0.0;0.0;

0.2194086230622903;0.0;1.3164517383737417;627.2505341663123;0.0;627.2505341663123;437.57485041835935;34.0;0.0;0.0;
0.5878438247990233;-1.3973970010427428;0.953978298153351;691.314625493189;-410.84083207450846;280.47379341868077;265.80792113895836;60.0;0.0;0.0;

0.18863508679730828;0.0;1.1318105207838496;447.20318138288695;0.0;447.20318138288695;392.50269237761427;41.0;0.0;0.0;
0.6780893265477451;-1.5786264215512715;1.1337308846397096;591.0252161850585;-343.9841867231822;247.0410294618765;194.81903372185283;83.0;0.0;0.0;

0.2949892137895426;0.0111987047957835;1.781133987533039;716.8237895085886;4.535475442292318;721.3592649508807;390.3575332772788;41.0;0.0;0.0;
0.6398487079171524;-1.6445825142802437;0.9148123173883658;546.4427820058504;-351.12606824933704;195.3167137565134;189.74695133736623;85.0;0.0;0.0;

0.16143139645416027;0.0;0.9685883787249616;461.50387456895226;0.0;461.50387456895226;458.0193997449172;34.0;0.0;0.0;
0.593459248936304;-1.7654036493323757;0.6084333464128392;594.4238297150182;-442.06826336851475;152.35556634650325;230.85111761086787;70.0;0.0;0.0;

0.22554559916880612;0.0;1.3532735950128367;548.0758059801989;0.0;548.0758059801989;369.80515531404035;43.0;0.0;0.0;
0.7671348943515995;-1.9240139881087306;1.1445255892976673;710.4483766560758;-445.4603175334556;264.98805912262003;207.58882665918833;78.0;0.0;0.0;

0.32680728616196225;0.0;1.9608437169717736;774.7723954864081;0.0;774.7723954864081;370.9005735519246;43.0;0.0;0.0;
0.5673417315564924;-1.3700483122765952;0.8993186139493734;583.2932824545711;-352.1422507545556;231.15103170001524;226.6019689202494;71.0;0.0;0.0;

0.19043601976602884;0.0;1.1426161185961732;661.0850400449287;0.0;661.0850400449287;535.893947909971;30.0;0.0;0.0;
0.6477384712409064;-1.539312508690984;1.051641376272641;558.0418201323222;-331.538418760559;226.50340137176306;190.57658012744665;85.0;0.0;0.0;

0.27209683900615583;0.0;1.632581034036935;826.4941484811984;0.0;826.4941484811984;437.00671139687523;37.0;0.0;0.0;
0.7004511893368228;-1.9771519076020416;0.8246528497452492;679.0595925895846;-479.1925509238982;199.86704166568617;229.44751357031132;70.0;0.0;0.0;

0.2486034238768856;0.0;1.4916205432613137;653.0879135360346;0.0;653.0879135360346;399.1529484010293;40.0;0.0;0.0;
0.7406208798940741;-1.5120208313820829;1.4504626881942138;612.5181092549715;-312.6228836961573;299.89522555881416;193.21182581988325;83.0;0.0;0.0;

0.18849728894753645;0.0;1.1309837336852187;495.18747258650114;0.0;495.18747258650114;423.8323229485603;37.0;0.0;0.0;
0.7690341789058026;-1.2349245112465022;1.8412122043767094;725.0266514424717;-291.06417105128185;433.96248039119007;198.4756475200075;81.0;1.0;0.012345679012345678;

0.22965360318410677;0.0;1.3779216191046406;587.4297428814521;0.0;587.4297428814521;405.99007926251323;39.0;0.0;0.0;
0.7332226947495509;-1.5643912917631926;1.3684994872350142;532.8564664908226;-284.2233409805605;248.6331255102626;166.4120240158167;97.0;1.0;0.01020408163265306;

0.287892041464459;0.0;1.7273522487867543;666.2644388177481;0.0;666.2644388177481;344.2996929170539;42.0;0.0;0.0;
0.6985064499210728;-1.3589646600256702;1.4350611396586224;570.0254949480507;-277.25030421536286;292.77519073268815;177.11396916758127;91.0;1.0;0.01098901098901099;

0.30360843898693646;0.0;1.8216506339216187;702.636673084053;0.0;702.636673084053;360.1414149713157;44.0;0.0;0.0;
0.8360235704484344;-1.7291290788740037;1.614965202919731;622.0619874316512;-321.64926604679;300.4127213848606;168.89657039082687;95.0;0.0;0.0;

0.24113596332243348;0.0;1.4468157799346009;532.6912644304667;0.0;532.6912644304667;350.2477930878998;44.0;0.0;0.0;
0.6534650438907904;-1.6301277680173778;0.9837324075457828;578.4042205394063;-360.72043556675317;217.68378497265294;186.20267322112258;83.0;0.0;0.0;

0.20671754610650256;0.0006886737201756783;1.2409939503591911;574.0841566157728;0.31875755048131393;574.4029141662542;430.0648414563955;35.0;0.0;0.0;
0.5735076697413758;-1.709597371651889;0.5844333073136146;602.4952108330649;-449.00194156843173;153.49326926463337;236.8092724870298;68.0;0.0;0.0;

0.19022326310361928;0.0;1.1413395786217158;596.4419733442514;0.0;596.4419733442514;484.52179845016235;32.0;0.0;0.0;
0.6285391881851776;-0.8941619408083812;1.6199948119323273;560.5928833982351;-199.37532537551704;361.21755802271764;196.7901131161214;82.0;0.0;0.0;

0.21677414942920267;0.0;1.300644896575216;540.2678801158589;0.0;540.2678801158589;375.5745999455214;42.0;0.0;0.0;
0.7093621059789871;-1.2374261595429226;1.6000222643730244;574.8544527234238;-250.69704588602823;324.15740683739534;191.5045528554723;84.0;1.0;0.011494252873563218;

0.2080967739081747;0.0;1.248580643449048;561.8612895520716;0.0;561.8612895520716;423.3286721198278;38.0;0.0;0.0;
0.7139348117798531;-1.6380088925950775;1.2177303545243323;610.0659367258127;-349.92460548847924;260.1413312373329;197.19776490305736;82.0;0.0;0.0;

0.24862746043981584;0.0;1.4917647626388952;690.473975850003;0.0;690.473975850003;437.66662447387336;37.0;0.0;0.0;
0.6437265189848655;-1.6528971637260585;0.9220089122134035;570.8710454997183;-366.45652467752325;204.41452082219502;205.77822296125208;78.0;0.0;0.0;

0.19048321572976307;0.0;1.1428992943785785;544.5578990862639;0.0;544.5578990862639;437.4537684318009;37.0;0.0;0.0;
0.5622048405936364;-1.955667073485237;0.2931522888893085;545.4831658280955;-474.37490284860803;71.10826297948742;209.69267889117745;76.0;0.0;0.0;

0.27140850832796903;0.0;1.6284510499678142;628.116833559014;0.0;628.116833559014;351.9231993135067;46.0;0.0;0.0;
0.6794105603971077;-1.7505180558878088;0.9671241857006222;530.6097694455921;-341.78228753983416;188.82748190575808;166.54578190745343;94.0;0.0;0.0;

0.18155795402883768;0.0;1.089347724173026;551.4822853625944;0.0;551.4822853625944;462.3585688272832;34.0;0.0;0.0;
0.702096010841464;-1.8784441179797635;0.9299399253860915;553.1800059423762;-370.0055662975074;183.17443964486858;164.93922804807792;87.0;0.0;0.0;

0.23777322650810967;0.0;1.426639359048658;608.1988846470595;0.0;608.1988846470595;413.00251363169804;39.0;0.0;0.0;
0.6050731932441121;-1.2963026987002222;1.1239900742762272;560.7891277894613;-300.3572410213929;260.43188676806864;209.1721451844623;77.0;0.0;0.0;

0.12787793897561991;0.0;0.7672676338537195;443.9191310153663;0.0;443.9191310153663;552.9197663794565;28.0;0.0;0.0;
0.48455196991424215;-1.3099955412288515;0.6282123384281172;472.64798586819455;-319.45322302977866;153.19476283841587;218.1342737259762;74.0;0.0;0.0;

0.2839252789103492;0.0;1.7035516734620952;627.2167525019532;0.0;627.2167525019532;364.78575703873236;44.0;0.0;0.0;
0.5551729309123943;-1.3057967567013546;0.9148949669482218;588.5205627542018;-346.05804754994415;242.46251520425753;226.36792556998097;71.0;0.0;0.0;

0.20180733917328175;0.0;1.2108440350396905;467.0398420867378;0.0;467.0398420867378;367.9329914373735;44.0;0.0;0.0;
0.8270734205061164;-1.7550057717668954;1.5532879102575683;615.729210114557;-326.6361518833646;289.093058231192;169.8630328185558;93.0;0.0;0.0;

0.1949011710052632;0.0;1.1694070260315792;574.0725400518661;0.0;574.0725400518661;461.5867011857715;33.0;0.0;0.0;
0.6536387034959475;-1.8545486501047481;0.7600061638790424;562.8429296613422;-399.23416018728585;163.60876947405643;200.22109984050772;80.0;0.0;0.0;

0.20038822880682536;0.0;1.2023293728409523;486.94339600058566;0.0;486.94339600058566;377.2497335541176;42.0;0.0;0.0;
0.552804262330769;-1.6928294305783884;0.5183876187446885;489.6002086456298;-374.82057343324425;114.77963521238577;197.18577032373582;81.0;0.0;0.0;

0.2771430554630376;0.01264869506911279;1.6755070278473385;708.9027629212436;5.392338424200716;714.2951013454443;403.3592180848042;40.0;0.0;0.0;
0.8644671357863049;-1.6406545814654827;1.8172139616797371;730.2997907417715;-346.50527704385655;383.7945136979151;186.7299240090269;85.0;0.0;0.0;

0.2206822895173444;0.0;1.3240937371040664;498.84461723455524;0.0;498.84461723455524;363.8835294489492;44.0;0.0;0.0;
0.791672821188924;-1.6293843742781948;1.5373069104775001;629.4189358104446;-323.86023349398545;305.55870231645895;166.78004090688904;97.0;0.0;0.0;

0.25111939156356816;0.0;1.506716349381409;595.3367039019226;0.0;595.3367039019226;368.08765593627214;43.0;0.0;0.0;
0.7108424968572368;-1.923666055913347;0.9197039315155984;632.4254718689978;-427.8639144775644;204.561557391433;201.60621754805769;79.0;0.0;0.0;

0.29046443561612256;0.0;1.7427866136967354;688.6132473631003;0.0;688.6132473631003;373.3731878564938;43.0;0.0;0.0;
0.6212595770327858;-1.373787295539493;1.1112510125916502;629.821221320059;-348.1799010822344;281.64132023782474;223.7931463007235;72.0;0.0;0.0;

0.30942219262998344;0.0;1.8565331557799007;716.0913600865331;0.0;716.0913600865331;376.3151260929134;43.0;0.0;0.0;
0.6923369301623972;-0.6952148230996253;2.074132897549966;591.749601219587;-148.55234366692352;443.19725755266404;190.85529234371376;84.0;3.0;0.03529411764705882;

0.2552570926420943;0.0;1.5315425558525657;590.7378429717039;0.0;590.7378429717039;357.19986641757936;45.0;0.0;0.0;
0.6166498645233939;-1.2646042527772872;1.2019952053162897;614.0375815019329;-314.8117682360107;299.2258132659225;219.58996986308284;73.0;0.0;0.0;

0.17992704936465187;0.0;1.0795622961879112;529.9669454013382;0.0;529.9669454013382;439.9865278481918;33.0;0.0;0.0;
0.6709955284475443;-1.7882199594035015;0.8957621543866766;590.3176115325606;-393.3028204272345;197.01479110532625;187.11281162077776;86.0;0.0;0.0;

0.19176506279280403;0.0;1.1505903767568242;745.5825641384221;0.0;745.5825641384221;585.1486393211221;26.0;0.0;0.0;
0.5283206562688502;-1.8607124096559464;0.2525702154194556;531.8327467024476;-468.2704432945139;63.562303407934046;218.08256819804478;74.0;0.0;0.0;

0.24119966347310592;0.0;1.4471979808386355;633.6380348536728;0.0;633.6380348536728;414.5630551490163;37.0;0.0;0.0;
0.7889681895059514;-1.8043783475461994;1.3514944104776085;686.9435091663415;-392.76171410133924;294.1817950650028;193.13545186650924;82.0;0.0;0.0;

0.217712485221398;0.0;1.306274911328388;587.8237100977746;0.0;587.8237100977746;422.6885612022268;37.0;0.0;0.0;
0.7265573469858452;-1.7342373655580516;1.171992022385329;683.9347588816444;-408.1251188832834;275.809639998361;207.50028996428048;77.0;0.0;0.0;

0.2705700560973891;0.0;1.6234203365843347;611.6141733178191;0.0;611.6141733178191;358.9688442478727;45.0;0.0;0.0;
0.6423021112598152;-1.2515724910923212;1.3176359539469402;555.5642613669062;-270.63936672924126;284.9248946376651;194.6658231603623;83.0;0.0;0.0;

0.2417655569013724;0.0;1.4505933414082346;573.1612714832536;0.0;573.1612714832536;367.1982447184808;44.0;0.0;0.0;
0.7007528449742907;-1.5228984517408446;1.2801129281563193;587.1445224592875;-319.0003046773829;268.1442177819048;184.9395795531347;87.0;0.0;0.0;

0.18921453798850058;0.0;1.1352872279310033;593.2791320155566;0.0;593.2791320155566;483.05495285762584;33.0;0.0;0.0;
0.6981269481438117;-1.607123916109133;1.1853838764661127;583.0393642438605;-335.54660395244844;247.49276029141186;190.4081726809977;85.0;0.0;0.0;

0.23846498585756581;0.0;1.4307899151453949;551.8761101275095;0.0;551.8761101275095;352.660698564604;45.0;0.0;0.0;
0.5736576835886611;-1.6630064997101273;0.6316242346445169;599.2699931951596;-434.31384354968156;164.95614964547786;230.52078708678258;70.0;0.0;0.0;

0.3482375685358623;0.0;2.0894254112151738;650.9363781093426;0.0;650.9363781093426;289.3760428689248;54.0;0.0;0.0;
0.6101177525647868;-1.5558409480738258;0.884630062185324;598.4980510502837;-381.5524836197633;216.94556743052107;212.74766963284506;76.0;0.0;0.0;

0.22539143023876365;0.0;1.352348581432582;561.7447953643033;0.0;561.7447953643033;399.63956770112276;40.0;0.0;0.0;
0.7290195296178104;-1.7756052746699924;1.1404728438012477;605.4223811838694;-368.64278999388097;236.77959118998822;183.89205912721326;86.0;0.0;0.0;

0.259913549652624;0.0;1.559481297915744;721.8170578924301;0.0;721.8170578924301;424.7460972718257;36.0;0.0;0.0;
0.5750800545041994;-1.873848367631973;0.4264718503848264;656.8158032899131;-535.0443000021919;121.7715032877218;238.81185266691682;65.0;0.0;0.0;

0.16480188214474206;0.0;0.9888112928684524;471.13949836673316;0.0;471.13949836673316;451.73994694450687;35.0;0.0;0.0;
0.6725865036148371;-1.7236632770165878;0.9666827374427607;590.1549987052241;-378.1032229865008;212.05177571872332;207.03316550917668;77.0;0.0;0.0;

0.26047144268914507;0.0;1.5628286561348703;602.8053387948786;0.0;602.8053387948786;364.7294472109842;42.0;0.0;0.0;
0.7599356350999918;-1.6435887398343347;1.3961538005656327;666.1565327702413;-360.1908259257331;305.9657068445081;200.05087333444845;80.0;0.0;0.0;

0.37738888869757004;0.04008463165877661;2.304417963844197;679.299999655626;12.025389497632984;691.325389153259;295.32926619246234;54.0;0.0;0.0;
0.6681856367200663;-1.7262650189569504;0.9464775279233147;531.5741160798801;-343.33190925656606;188.2422068233141;178.8967689635236;90.0;0.0;0.0;

0.25446429611149535;0.0;1.526785776668972;494.67859164074696;0.0;494.67859164074696;310.0155008485726;52.0;0.0;0.0;
0.7223963467634253;-1.5634437888772201;1.3261415981764817;607.8025939767832;-328.85866417859364;278.94392979818974;180.29110256628772;88.0;1.0;0.011111111111111112;

0.22345565367175046;0.0;1.3407339220305028;571.5760404445828;0.0;571.5760404445828;393.7522845742843;41.0;0.0;0.0;
0.7827691268997227;-1.6501288522438116;1.4809476553550804;577.3233029403067;-304.25888250972616;273.06442043058075;162.14845497603054;99.0;2.0;0.0196078431372549;

0.2662962347425168;0.0;1.5977774084551009;699.5674058641252;0.0;699.5674058641252;407.4931842877527;39.0;0.0;0.0;
0.7187905490748475;-1.570393665074946;1.3047685312244444;633.9718400350414;-346.2710252341068;287.70081480093467;198.59450602314854;79.0;0.0;0.0;

0.3191189461565698;0.0;1.914713676939419;704.9627628731497;0.0;704.9627628731497;344.9151987925958;45.0;0.0;0.0;
0.7043845564644272;-1.6224623243737994;1.19507590148391;752.6898219644436;-433.4318756953773;319.25794626906645;226.40261580259124;71.0;0.0;0.0;

0.28343886822725917;0.007375471213996645;1.7080086805775514;586.1757019508424;2.5421836950371413;588.7178856458794;327.3534688655106;47.0;0.0;0.0;
0.732712602563132;-1.6768449728077892;1.254005437444738;645.6271725666742;-369.3865353343824;276.2406372322916;192.4827058589575;84.0;0.0;0.0;

0.27280019104663;0.0;1.6368011462797798;679.9020146085239;0.0;679.9020146085239;392.18366527692314;41.0;0.0;0.0;
0.5276027601304342;-1.281170508195376;0.8292405323263624;571.2018553530477;-346.7603975024165;224.4414578506317;225.07964629848345;71.0;0.0;0.0;

0.22078611595958134;0.0;1.324716695757488;580.0110938181434;0.0;580.0110938181434;411.8901820036698;39.0;0.0;0.0;
0.7261216329416383;-1.3847059442197434;1.51978058754681;616.196885210419;-293.77016571724215;322.426719493177;187.7169756204637;85.0;0.0;0.0;

0.3543593173097698;0.0;2.1261559038586184;782.8119464206732;0.0;782.8119464206732;341.8884219765659;46.0;0.0;0.0;
0.7339254318194084;-1.4860817789396186;1.4496199483380146;621.9542094983607;-314.83948436662763;307.11472513173305;192.4291391538256;84.0;0.0;0.0;

0.2720976549503772;0.0;1.6325859297022631;645.0705380774796;0.0;645.0705380774796;383.7832843773162;41.0;0.0;0.0;
0.744277816974846;-1.5701420608845986;1.406969207014783;547.6522329691797;-288.8342854343533;258.817947534826;170.22340281432605;94.0;0.0;0.0;

0.2649733589986761;0.0;1.5898401539920564;628.180743772471;0.0;628.180743772471;354.9780591063448;45.0;0.0;0.0;
0.6007131787953222;-1.614536317098679;0.7883163980826107;614.9582602021163;-413.20570267296915;201.7525575291475;242.04937274961642;66.0;0.0;0.0;

0.2776595622993406;0.0;1.6659573737960434;729.4191744728622;0.0;729.4191744728622;413.68140777219145;39.0;0.0;0.0;
0.6233833699337267;-1.5202196638875956;0.973313815847311;648.2452805143458;-395.2123484481977;253.03293206614808;230.78617107937876;69.0;0.0;0.0;

0.21733124437402473;0.0;1.3039874662441484;704.1532317718401;0.0;704.1532317718401;485.1916901993507;33.0;0.0;0.0;
0.7664919067158944;-1.794492214646169;1.2714754122174088;641.3975153825063;-375.40606683598156;265.99144854652474;190.33875394961203;84.0;0.0;0.0;

0.15170735176546407;0.0;0.9102441105927844;475.67595456784215;0.0;475.67595456784215;495.60478801421544;31.0;0.0;0.0;
0.5696089648903184;-1.733004897237109;0.5454309623241655;529.9011744910945;-403.04901566181934;126.85215882927535;191.52978349119593;83.0;0.0;0.0;

0.21486740601256887;0.0;1.2892044360754134;632.8821777097484;0.0;632.8821777097484;455.8750952116649;35.0;0.0;0.0;
0.5941208080827984;-1.934401015299549;0.4420822170316463;583.8013694403439;-475.20047539779364;108.60089404255073;236.8880968051028;68.0;0.0;0.0;

0.2776289075014757;0.0;1.665773445008854;574.1602087051795;0.0;574.1602087051795;321.97962901009413;50.0;0.0;0.0;
0.7597570829863747;-1.5941472157222256;1.444881116223273;598.1438602825767;-313.7612635747925;284.3825967077842;176.254407297767;91.0;0.0;0.0;

0.3188575762573756;0.0;1.9131454575442537;688.7323647159313;0.0;688.7323647159313;333.5037392719357;48.0;0.0;0.0;
0.590328479701096;-1.5964780986139822;0.7648358201904036;583.2774225265669;-394.35232353653834;188.9250989900289;221.30114076410857;72.0;0.0;0.0;

0.24182400220810166;0.0;1.45094401324861;635.2781895845266;0.0;635.2781895845266;423.9284609635366;38.0;0.0;0.0;
0.7336954642552492;-1.272236465198516;1.6625453918224788;570.9738168498334;-247.5188091858031;323.4550076640299;174.40304073894987;92.0;0.0;0.0;

0.2858978196320506;0.0;1.7153869177923036;604.1145232225069;0.0;604.1145232225069;339.7569357192808;47.0;0.0;0.0;
0.5538845597220581;-1.9425666080256896;0.2729716308625437;536.3518186238242;-470.2690816725971;66.08273695122735;222.00552213312272;72.0;0.0;0.0;

0.223785191792473;0.0;1.342711150754838;543.7980160557094;0.0;543.7980160557094;380.1943941010409;42.0;0.0;0.0;
0.7064567631949746;-1.6392011718344095;1.1866258809454877;624.2494831877484;-362.11362735442094;262.1358558333272;212.66621882948837;76.0;0.0;0.0;

0.23127127875914594;0.0;1.3876276725548755;642.2733798682567;0.0;642.2733798682567;443.73954989782607;36.0;0.0;0.0;
0.5949464023223688;-1.7050216810660797;0.6747639282233963;573.555821793703;-410.92992059562545;162.62590119807766;210.91190706102373;76.0;0.0;0.0;

0.28928843715501174;0.0;1.7357306229300706;739.9693708280827;0.0;739.9693708280827;402.54460654763864;40.0;0.0;0.0;
0.614402870333313;-1.8844195138524824;0.5731919674807712;512.4329821188794;-392.9175617793657;119.51542033951401;184.8007876845242;86.0;0.0;0.0;

0.2434493490594268;0.0;1.4606960943565608;563.4113506803877;0.0;563.4113506803877;363.14852895514355;44.0;0.0;0.0;
0.43760265099228873;-1.4682610113948702;0.2821495925742846;477.9218760870219;-400.8854011510718;77.03647493595004;245.32022024916375;65.0;0.0;0.0;

0.18999860966075438;0.0;1.1399916579645262;512.9962460840368;0.0;512.9962460840368;425.91840819834533;38.0;0.0;0.0;
0.4439380560079868;-0.9228395504936898;0.8529126735382573;490.31956207271116;-254.81386318303322;235.5056988896779;252.87949343151809;64.0;0.0;0.0;

0.18279038303782866;0.0;1.096742298226972;493.5340342021374;0.0;493.5340342021374;418.05339700007295;38.0;0.0;0.0;
0.48080123309866535;-0.7710751402429882;1.152129792151674;516.2382385835683;-206.97662818438135;309.26161039918713;235.9986481217106;68.0;0.0;0.0;

0.1944805879217676;0.0;1.1668835275306055;540.1003755998803;0.0;540.1003755998803;435.3319137225268;37.0;0.0;0.0;
0.6529682021132855;-1.888164281277409;0.7237085271757346;610.0674215215444;-441.02741556170787;169.04000595983683;199.5249075636196;80.0;0.0;0.0;

0.1923784272082774;0.0;1.1542705632496646;534.2623749898447;0.0;534.2623749898447;458.45917407685255;35.0;0.0;0.0;
0.8317983830740793;-1.1128629005817128;2.214330631714604;652.1041069678469;-218.11249057719527;433.99161639065153;175.1463792025296;92.0;0.0;0.0;

0.22356318223094337;0.0;1.3413790933856602;620.8668946527913;0.0;620.8668946527913;449.5444936224701;36.0;0.0;0.0;
0.5956986004486359;-0.9356947347683325;1.4470996670262108;595.9066613439666;-234.00538670604251;361.901274637924;218.29287603676346;74.0;0.0;0.0;

0.12682339356462274;0.0;0.7609403613877366;385.2260579525416;0.0;385.2260579525416;473.9575638445081;32.0;0.0;0.0;
0.641810963400813;-1.2889742649073157;1.2782695886959383;673.0235869473802;-337.91495187852587;335.1086350688548;225.84893408913206;71.0;0.0;0.0;

0.2779708668706234;0.002530619016735059;1.6703558202404756;614.0629149960135;0.931727910706999;614.9946429067205;329.02489340742073;45.0;0.0;0.0;
0.6974350027205136;-1.737356669051201;1.0523833418308524;596.3616316590773;-371.3940560366283;224.96757562244875;189.686817080821;85.0;0.0;0.0;

0.21760600565349467;0.0;1.3056360339209678;660.97824217249;0.0;660.97824217249;475.5823619568732;34.0;0.0;0.0;
0.7855989093460078;-1.3756125023575994;1.7667831350264294;557.7614411015938;-244.16518486229597;313.5962562392975;161.7607271840291;100.0;1.0;0.00980392156862745;

0.23075226890549044;0.0;1.3845136134329428;659.6800158121669;0.0;659.6800158121669;454.50868568866974;35.0;0.0;0.0;
0.6086584967796819;-1.017081865607441;1.4175521215112865;557.7536521229375;-233.00468491442973;324.74896720850774;209.71181151531968;76.0;0.0;0.0;

0.2786439583055937;0.0;1.6718637498335622;531.062602888308;0.0;531.062602888308;299.62629605412695;51.0;0.0;0.0;
0.8085420434810653;-1.6010327599572187;1.6331354139670389;668.1921932500928;-330.77982770543343;337.41236554465866;182.6749749343251;86.0;0.0;0.0;

0.2805711451075935;0.0;1.6834268706455608;580.2450064778317;0.0;580.2450064778317;327.3841805741978;48.0;0.0;0.0;
0.6371446984526471;-1.8765917858361187;0.6719870079744713;587.5436718460948;-432.6252855450533;154.91838630104175;209.44048900986132;77.0;0.0;0.0;

0.1901783450389338;0.0;1.1410700702336027;596.301133476915;0.0;596.301133476915;497.96233918240875;32.0;0.0;0.0;
0.6938464156241635;-1.5592926474007693;1.216093015095886;717.9159467400311;-403.3461267492739;314.5698199907576;235.89637171230552;68.0;0.0;0.0;

0.3007011263893304;0.0;1.8042067583359824;649.5144330009537;0.0;649.5144330009537;343.5837937568937;46.0;0.0;0.0;
0.6413945898513439;-1.0753243252300089;1.4902540341753676;652.5870547632163;-273.5222378784553;379.0648168847611;210.4709672393932;76.0;3.0;0.03896103896103896;

0.3047727260711653;0.0;1.8286363564269916;630.2959356195163;0.0;630.2959356195163;329.8164878697924;48.0;0.0;0.0;
0.817276503027257;-1.556409796553233;1.7126962155557954;681.4895043059053;-324.45473986499246;357.03476444091285;190.7602930779939;84.0;0.0;0.0;

0.19425686749496882;0.0;1.165541204969813;539.4790720145992;0.0;539.4790720145992;439.86869378875963;36.0;0.0;0.0;
0.6825771524026404;-1.487671137360131;1.2426374722504296;625.6296478476137;-340.8886330664404;284.74101478117313;206.99209300299566;77.0;0.0;0.0;

0.22277126467127042;0.0;1.3366275880276226;618.6676264584996;0.0;618.6676264584996;436.9798496830125;37.0;0.0;0.0;
0.658203003846901;-1.146993898773902;1.4858181166137012;658.938640551254;-287.068957434619;371.86968311663475;231.2108790479149;70.0;0.0;0.0;

0.19384764400804794;0.0;1.1630858640482875;554.1762058112429;0.0;554.1762058112429;425.68614664483954;34.0;0.0;0.0;
0.7116387214598451;-1.7355395771181132;1.1110153087212682;662.7907332024067;-404.1023605560001;258.6883726464068;191.18428820385282;83.0;0.0;0.0;

0.256799068538128;0.0;1.540794411228768;640.0222938950267;0.0;640.0222938950267;390.380682219244;40.0;0.0;0.0;
0.6794518736747333;-1.411087664515899;1.3067198301830345;645.6314127934093;-335.2123077862339;310.41910500717535;209.8495959779371;74.0;0.0;0.0;

0.28580541101014867;0.0;1.714832466060892;617.3396877819212;0.0;617.3396877819212;342.30828372967096;47.0;0.0;0.0;
0.7090013973999664;-1.8406031834859171;0.9954024061139477;571.1537042088133;-370.68591475337666;200.46778945543645;179.70989783988355;90.0;0.0;0.0;

0.2031351874642568;0.0;1.2188111247855409;548.4650061534934;0.0;548.4650061534934;435.62073950443164;37.0;0.0;0.0;
0.5704656017927456;-1.5474571649116673;0.734405242259317;511.75223834687876;-347.0475105776708;164.7047277692084;201.55647158407382;79.0;0.0;0.0;

0.20683962780144025;0.0;1.2410377668086414;574.4231949228569;0.0;574.4231949228569;431.62189420495804;36.0;0.0;0.0;
0.7499705212974286;-1.847355847878669;1.1525262373110425;591.8264831414068;-364.4523629639938;227.37412017741246;174.5511677750388;92.0;0.0;0.0;

0.22621140338397097;0.0;1.3572684203038259;666.2954063309691;0.0;666.2954063309691;457.93931262796394;35.0;0.0;0.0;
0.6122121180529937;-1.5264054268622802;0.9224430453496948;640.3915330573799;-399.1660253655853;241.2255076917946;220.76135063307962;73.0;1.0;0.013333333333333334;

0.25178248031340217;0.0;1.510694881880413;661.4393807152079;0.0;661.4393807152079;415.39773979013927;37.0;0.0;0.0;
0.6967870554957692;-1.7092555838025318;1.0778926381805456;643.09280181965;-394.3851833008564;248.7076185187937;206.25046170801002;78.0;0.0;0.0;

0.17853907851098827;0.0;1.0712344710659296;433.8499607817015;0.0;433.8499607817015;374.50184795786924;42.0;0.0;0.0;
0.8056098224401501;-1.847185038944026;1.375254250816571;590.2277275560942;-338.3337062007287;251.89402135536488;169.6062147419952;95.0;0.0;0.0;

0.2625896261325311;0.0;1.5755377567951867;654.4541451303083;0.0;654.4541451303083;389.98208894733983;41.0;0.0;0.0;
0.7212556841147282;-1.833867759528386;1.0511549769305297;613.7852534037;-390.153246720188;223.6320066835127;190.74173020061517;84.0;0.0;0.0;

0.19594151057625991;0.0;1.1756490634575594;634.8504942670821;0.0;634.8504942670821;494.6758267414969;30.0;0.0;0.0;
0.45484665765555693;-1.1698835126436722;0.6495031179785565;495.14103694799076;-318.38056068414693;176.76047626384414;227.94117359861312;69.0;0.0;0.0;

0.24479680278805455;0.0;1.4687808167283274;495.7135256458105;0.0;495.7135256458105;324.11765824583256;49.0;0.0;0.0;
0.6800430097440562;-1.783216665480186;0.9369553734960392;636.1761729312288;-417.04713433468515;219.12903859654378;223.28263576265812;71.0;0.0;0.0;

0.24886833097489777;0.0;1.4932099858493866;620.2564556605145;0.0;620.2564556605145;381.74258939432644;42.0;0.0;0.0;
0.8086681888011213;-1.6971738691382392;1.5374988860662466;677.2897382039757;-355.3615875565132;321.9281506474626;179.19906726062084;90.0;0.0;0.0;

0.15831254265611497;0.0;0.9498752559366899;439.6565470335536;0.0;439.6565470335536;420.7371292222418;38.0;0.0;0.0;
0.7794849560828107;-1.7507191751445612;1.3672206491866823;648.7229026942624;-364.2570700818077;284.46583261245496;184.3834215865234;87.0;0.0;0.0;

0.2658833405244884;0.0;1.5953000431469304;615.3300166423875;0.0;615.3300166423875;356.17297958991884;42.0;0.0;0.0;
0.5517278504800146;-1.5651957751367804;0.6417156267832792;498.4807471702537;-353.5347901955191;144.9459569747349;207.24063391293524;78.0;0.0;0.0;

0.24155777479150295;0.0;1.4493466487490176;617.8793607824759;0.0;617.8793607824759;390.88051878341645;41.0;0.0;0.0;
0.8981992777023478;-1.2752295517430268;2.317567559066364;642.6494955151339;-228.10239565935925;414.5470998557746;157.18300615262984;103.0;0.0;0.0;

0.1723677172465581;0.0;1.0342063034793487;408.63761259427923;0.0;408.63761259427923;369.43537532712804;43.0;0.0;0.0;
0.7137594698431993;-1.4691334042273;1.3859044751454996;553.8192953616568;-284.9820076293268;268.83728773233054;178.39194094155815;90.0;0.0;0.0;

0.212199205120746;0.0;1.2731952307244758;644.5550855542659;0.0;644.5550855542659;458.2821111654834;34.0;0.0;0.0;
0.6171539385874342;-1.297166627366604;1.1714491269831329;533.4629486858224;-280.3151250868164;253.14782359900607;204.52751456516344;78.0;0.0;0.0;

0.419303966599984;0.0001969356032609006;2.5160207352031647;849.0905323649675;0.06646576610055395;849.1569981310681;323.56091749747094;48.0;0.0;0.0;
0.6226695836012159;-1.7743744252481675;0.7163039091566975;554.7731318157265;-395.2237602548012;159.54937156092552;192.48344915858507;84.0;0.0;0.0;

0.26172158910585847;0.0;1.5703295346351507;635.983461527236;0.0;635.983461527236;366.454086826093;41.0;0.0;0.0;
0.7673483713728789;-1.705751884753507;1.3636416007380119;631.1084225537477;-350.72544017030145;280.3829823834468;181.32676091023382;89.0;0.0;0.0;

0.16044391410617917;0.0;0.9626634846370751;458.68083679766517;0.0;458.68083679766517;427.4082669593112;37.0;0.0;0.0;
0.7850112221227308;-1.7738850672900126;1.3661598212009098;665.9056304982313;-376.18572221521526;289.71990828301574;175.6050259576168;92.0;0.0;0.0;

0.22351158494061965;0.0;1.341069509643718;603.481279339673;0.0;603.481279339673;429.25320336611236;36.0;0.0;0.0;
0.876888950657857;-1.7165428330282326;1.7910129696031984;717.9935860982331;-351.37480733807394;366.61877876015984;181.22677453371588;88.0;0.0;0.0;

0.27908216147842096;0.0;1.674492968870526;565.1413769938025;0.0;565.1413769938025;317.41274628600394;51.0;0.0;0.0;
0.611146947974705;-1.6565863574808517;0.7880014344179681;775.2324483198356;-525.3398965743804;249.8925517454551;243.39933045070916;63.0;0.0;0.0;

0.2526810835563239;0.0;1.5160865013379434;663.8000357209373;0.0;663.8000357209373;421.40946552903785;37.0;0.0;0.0;
0.5635694988019224;-1.1455100647726566;1.108767930435034;523.2332966645208;-265.8806983111971;257.3525983533239;194.6525550000926;80.0;0.0;0.0;

0.2420905318542755;0.0;1.4525431911256532;588.2799924058895;0.0;588.2799924058895;393.78559509442033;41.0;0.0;0.0;
0.7599186838165545;-1.6088610544689932;1.4308136807972245;656.1733184843243;-347.30416542368965;308.86915306063463;194.19644435518975;82.0;0.0;0.0;

0.21927382935672304;0.0;1.3156429761403383;592.0393392631522;0.0;592.0393392631522;435.5839712985356;37.0;0.0;0.0;
0.4021604459542276;-1.1681463613156664;0.440495422501244;484.8607691541518;-352.0910304146383;132.76973873951354;251.29299146999637;60.0;0.0;0.0;

0.19658023985811168;0.0;1.17948143914867;597.1124785690142;0.0;597.1124785690142;479.181334392311;32.0;0.0;0.0;
0.6965345608861861;-1.744069857310157;1.0420683862345879;582.1357687826712;-364.4059836399955;217.72978514267584;179.2097789361987;89.0;0.0;0.0;

0.27115897991737986;0.0;1.626953879504279;712.3419688640357;0.0;712.3419688640357;412.7404038957484;38.0;0.0;0.0;
0.7962269356981748;-0.7086252049404579;2.4762825378522426;702.8723666532092;-156.38540111365288;546.4869655395566;191.6147374899241;84.0;2.0;0.023529411764705882;

0.23674533306080484;0.0;1.420471998364829;605.569641408164;0.0;605.569641408164;390.89196424866367;38.0;0.0;0.0;
0.5419344758741101;-0.7775322409014286;1.390205662595012;639.8359379505443;-229.49871838358575;410.33721956695865;259.33968152605746;62.0;0.0;0.0;

0.22926610544362072;0.0;1.3755966326617244;696.3957952849979;0.0;696.3957952849979;461.6493539940874;35.0;0.0;0.0;
0.8741020193467294;-1.8108619733307674;1.6855461040561508;689.7879348596528;-357.2554213503715;332.53251350928133;175.03552896467207;92.0;0.0;0.0;

0.20976447358528183;0.0;1.258586841511691;522.7976110894716;0.0;522.7976110894716;387.26900491677196;39.0;0.0;0.0;
0.7442844201766491;-1.8590994740176783;1.1180382066889156;579.3084573811733;-361.75419611622317;217.55426126494962;173.35630852383522;93.0;0.0;0.0;

0.286745619078276;0.16231921479262168;1.8827929292622776;605.9059603132267;57.16459303566242;663.0705533488891;333.8400776983215;48.0;0.0;0.0;
0.6593794175506821;-1.8862687940781055;0.7512488761246232;601.1048762015024;-429.89109902718707;171.2137771743154;203.91287135451213;79.0;0.0;0.0;

0.24408791357748805;0.0;1.4645274814649283;741.4170374916199;0.0;741.4170374916199;470.99989466773036;32.0;0.0;0.0;
0.5077534189108367;-1.7175274721026794;0.3134862035406674;507.7437130525283;-429.3736602629724;78.37005278955594;190.42924872789334;78.0;0.0;0.0;

0.21685408995512281;0.0;1.3011245397307367;490.1911056659985;0.0;490.1911056659985;356.6114276779427;45.0;0.0;0.0;
0.5109435887747072;-1.5539074030883997;0.48986695201043046;575.9737201502425;-437.9200793340754;138.05364081616742;248.69030894431947;65.0;0.0;0.0;

