0.10267807232803051;0.0;1.0267807232803052;286.7904778817404;0.0;286.7904778817404;271.9067476152164;59.0;0.0;0.0;
0.1890213835562307;0.0;1.890213835562307;303.13045200652067;0.0;303.13045200652067;160.2927753235178;117.0;0.0;0.0;

0.08214501199174092;0.0;0.8214501199174091;295.7220431702673;0.0;295.7220431702673;343.8510797282171;47.0;0.0;0.0;
0.1846244575632779;0.0;1.8462445756327788;315.4621085982055;0.0;315.4621085982055;171.15975918479097;99.0;0.0;0.0;

0.08681430502051338;0.0;0.8681430502051337;275.76308653574836;0.0;275.76308653574836;310.4400810916443;51.0;0.0;0.0;
0.18810073019042758;0.0;1.8810073019042761;294.24004825187234;0.0;294.24004825187234;152.95231458307816;116.0;0.0;0.0;

0.07953939405115716;0.0;0.7953939405115716;306.7948056258919;0.0;306.7948056258919;361.3032257905461;42.0;0.0;0.0;
0.181405717551758;0.0;1.81405717551758;321.6617044118356;0.0;321.6617044118356;172.78296536905856;101.0;0.0;0.0;

0.07010511976475435;0.0;0.7010511976475434;315.4730389413946;0.0;315.4730389413946;431.33095535687056;37.0;0.0;0.0;
0.16924667134239166;0.0;1.6924667134239164;303.8792042372411;0.0;303.8792042372411;176.52603158623833;106.0;0.0;0.0;

0.10217649160012036;0.0;1.0217649160012037;300.9562116221727;0.0;300.9562116221727;291.32860085155596;55.0;0.0;0.0;
0.16993111564355248;0.0;1.6993111564355248;290.8757844147847;0.0;290.8757844147847;167.8511494547145;113.0;0.0;0.0;

0.08628796220278616;0.0;0.8628796220278616;349.4662469212839;0.0;349.4662469212839;383.79565098025773;42.0;0.0;0.0;
0.21411480506565547;0.0;2.141148050656555;307.44534029594536;0.0;307.44534029594536;143.9163411038584;124.0;0.0;0.0;

0.10157523108478246;0.0;1.0157523108478246;322.6507340340149;0.0;322.6507340340149;309.1059226981854;52.0;0.0;0.0;
0.209154030821442;0.0;2.0915403082144195;309.59204514048594;0.0;309.59204514048594;146.91231979942714;120.0;0.0;0.0;

0.07513129633232973;0.0;0.7513129633232972;276.6197728599413;0.0;276.6197728599413;349.5004093471926;46.0;0.0;0.0;
0.18447108929054634;0.0;1.8447108929054634;297.9305387773301;0.0;297.9305387773301;163.45396109410277;113.0;0.0;0.0;

0.1030224714203839;0.0;1.030224714203839;298.0292923232534;0.0;298.0292923232534;282.70504545488586;57.0;0.0;0.0;
0.13615107611013494;0.0;1.3615107611013495;272.56516973130766;0.0;272.56516973130766;198.09990824928772;89.0;0.0;0.0;

0.09375801860905418;0.0;0.9375801860905418;271.2285538333353;0.0;271.2285538333353;282.25245200332085;56.0;0.0;0.0;
0.1968638298669909;0.0;1.968638298669909;308.70917641188964;0.0;308.70917641188964;152.7596024897485;119.0;0.0;0.0;

0.09189189359363424;0.0;0.9189189359363423;338.32924459474424;0.0;338.32924459474424;358.8911443943253;44.0;0.0;0.0;
0.18148845094835958;0.0;1.8148845094835957;288.48032456419486;0.0;288.48032456419486;156.99414405292745;118.0;0.0;0.0;

0.10629504124115888;0.0;1.0629504124115887;344.3959336213548;0.0;344.3959336213548;292.0079431190974;50.0;0.0;0.0;
0.1462920124859555;0.0;1.462920124859555;285.34920623326377;0.0;285.34920623326377;190.23500102857196;89.0;0.0;0.0;

0.11209754713817356;0.0;1.1209754713817355;307.7932650234596;0.0;307.7932650234596;269.44083017580846;60.0;0.0;0.0;
0.1940220660307938;0.0;1.940220660307938;315.4784920821141;0.0;315.4784920821141;161.0140212686632;111.0;0.0;0.0;

0.11258611882749661;0.0;1.125861188274966;344.13115566140476;0.0;344.13115566140476;299.29345327623065;54.0;0.0;0.0;
0.15838294890362856;0.0;1.5838294890362858;298.34147741875205;0.0;298.34147741875205;187.29179430232676;101.0;0.0;0.0;

0.07879126836018922;0.0;0.7879126836018923;283.6485660966812;0.0;283.6485660966812;349.89126209827083;45.0;0.0;0.0;
0.1759469328107956;0.0;1.7594693281079559;314.9605711007744;0.0;314.9605711007744;174.71601998534769;103.0;0.0;0.0;

0.09457985586681283;0.0;0.9457985586681283;348.2258329641745;0.0;348.2258329641745;358.03016321907756;44.0;0.0;0.0;
0.16690057484600002;0.0;1.6690057484600003;284.1659498724109;0.0;284.1659498724109;166.1220739758271;109.0;0.0;0.0;

0.08862495627704788;0.0;0.8862495627704787;299.1092274350366;0.0;299.1092274350366;322.7667233486759;50.0;0.0;0.0;
0.20278742385916715;0.0;2.027874238591671;300.76398348392155;0.0;300.76398348392155;147.78920126960853;121.0;0.0;0.0;

0.08791361914577231;0.0;0.8791361914577231;268.71710003047383;0.0;268.71710003047383;299.617811087636;53.0;0.0;0.0;
0.1863198519871552;0.0;1.8631985198715524;294.2005790213575;0.0;294.2005790213575;155.6520882509831;115.0;0.0;0.0;

0.09841838288979199;0.0;0.9841838288979199;306.61111592589043;0.0;306.61111592589043;299.9392859406115;52.0;0.0;0.0;
0.21474145179221132;0.0;2.147414517922113;297.63623162051215;0.0;297.63623162051215;136.2971577156608;127.0;0.0;0.0;

0.10474929553221542;0.0;1.0474929553221541;297.7085241441912;0.0;297.7085241441912;278.2970135250358;58.0;0.0;0.0;
0.17319968973091768;0.0;1.7319968973091768;287.0531456374659;0.0;287.0531456374659;163.2004534883811;113.0;0.0;0.0;

0.09152744812961228;0.0;0.9152744812961228;285.14320378840745;0.0;285.14320378840745;300.69253990745415;53.0;0.0;0.0;
0.20007130169583603;0.0;2.0007130169583602;303.2674701921064;0.0;303.2674701921064;151.36394570930022;119.0;0.0;0.0;

0.10520670999257035;0.0;1.0520670999257036;304.3479824785071;0.0;304.3479824785071;283.3835821052654;57.0;0.0;0.0;
0.19592946614048884;0.0;1.9592946614048885;313.898132972508;0.0;313.898132972508;158.13987393644865;111.0;0.0;0.0;

0.07321207651498267;0.0;0.7321207651498267;296.5089098856798;0.0;296.5089098856798;390.0039244716222;41.0;0.0;0.0;
0.1714446999878497;0.0;1.714446999878497;303.36970674091896;0.0;303.36970674091896;173.86316879094494;103.0;0.0;0.0;

0.08346088459383948;0.0;0.8346088459383948;307.2878023682272;0.0;307.2878023682272;349.46094669204746;46.0;0.0;0.0;
0.17970980751654633;0.0;1.7970980751654635;276.0194888484625;0.0;276.0194888484625;151.53666037278802;114.0;0.0;0.0;

0.10037704779693679;0.0;1.003770477969368;325.22163486207523;0.0;325.22163486207523;308.28258703798815;52.0;0.0;0.0;
0.16686006412218443;0.0;1.6686006412218441;286.3888982954405;0.0;286.3888982954405;172.41299750215032;102.0;0.0;0.0;

0.12137589284093261;0.0;1.2137589284093262;302.5060713881705;0.0;302.5060713881705;238.12677569685744;67.0;0.0;0.0;
0.19535534886581676;0.0;1.9535534886581676;307.5438574068658;0.0;307.5438574068658;158.32883850652783;112.0;0.0;0.0;

0.07049938359897819;0.0;0.7049938359897818;285.5225035758616;0.0;285.5225035758616;396.5876585794217;40.0;0.0;0.0;
0.18852521850334977;0.0;1.8852521850334978;313.5467995687294;0.0;313.5467995687294;162.59105232734555;110.0;0.0;0.0;

0.09457299049017598;0.0;0.9457299049017598;319.1838429043439;0.0;319.1838429043439;320.72293797222864;50.0;0.0;0.0;
0.17415642257637126;0.0;1.7415642257637127;297.96132497875385;0.0;297.96132497875385;173.4392409029571;106.0;0.0;0.0;

0.09469311023306001;0.0;0.9469311023306002;313.0670175052188;0.0;313.0670175052188;320.1302103904125;50.0;0.0;0.0;
0.18503566859663423;0.0;1.8503566859663423;307.92623553971515;0.0;307.92623553971515;163.70927681981672;118.0;0.0;0.0;

0.07228068244214624;0.0;0.7228068244214623;344.3961928125791;0.0;344.3961928125791;459.1291921089107;35.0;0.0;0.0;
0.21218671071812703;0.0;2.1218671071812705;296.90107731341226;0.0;296.90107731341226;137.35684746211257;130.0;0.0;0.0;

0.08530042641431561;0.0;0.8530042641431561;282.01365467590057;0.0;282.01365467590057;314.5387422775533;51.0;0.0;0.0;
0.15500487680852357;0.0;1.5500487680852357;263.9272833520835;0.0;263.9272833520835;172.46307473656682;106.0;0.0;0.0;

0.07958619888651516;0.0;0.7958619888651516;314.4625419418404;0.0;314.4625419418404;381.9299716119228;42.0;0.0;0.0;
0.19848645950288707;0.0;1.9848645950288708;326.4969437736028;0.0;326.4969437736028;162.83215405070098;110.0;0.0;0.0;

0.10951042919263608;0.0;1.0951042919263607;322.5579914401281;0.0;322.5579914401281;283.3772363133372;57.0;0.0;0.0;
0.18560021760719045;0.0;1.8560021760719043;326.2664675269555;0.0;326.2664675269555;178.083165484315;105.0;0.0;0.0;

0.1044870379330198;0.0;1.044870379330198;331.9000028460629;0.0;331.9000028460629;306.8320942400487;51.0;0.0;0.0;
0.20969790024242435;0.0;2.096979002424243;306.91129518536775;0.0;306.91129518536775;142.80670747467727;124.0;0.0;0.0;

0.08878791114972745;0.0;0.8878791114972745;334.50329316874064;0.0;334.50329316874064;372.63897497411125;43.0;0.0;0.0;
0.180182386105525;0.0;1.8018238610552497;312.9784488324327;0.0;312.9784488324327;171.44744209134913;103.0;0.0;0.0;

0.08025321003846199;0.0;0.8025321003846199;302.349302935601;0.0;302.349302935601;357.6500664958794;45.0;0.0;0.0;
0.20805989359711038;0.0;2.080598935971104;299.3145848648706;0.0;299.3145848648706;142.30035407455742;126.0;0.0;0.0;

0.08724201713590714;0.0;0.8724201713590714;336.5049232384989;0.0;336.5049232384989;358.2388017541969;45.0;0.0;0.0;
0.16972212571113862;0.0;1.6972212571113863;266.4484259424439;0.0;266.4484259424439;159.90296362359675;111.0;0.0;0.0;

0.08220116369640029;0.0;0.8220116369640029;317.0616314004011;0.0;317.0616314004011;358.38765497474117;45.0;0.0;0.0;
0.2254805471439666;0.0;2.254805471439666;322.50437770312993;0.0;322.50437770312993;140.05828648407768;131.0;0.0;0.0;

0.1026669639136268;0.0;1.026669639136268;277.20080256679233;0.0;277.20080256679233;265.4196485136778;61.0;0.0;0.0;
0.1794414168254871;0.0;1.794414168254871;290.3024180429916;0.0;290.3024180429916;161.4409517403934;108.0;0.0;0.0;

0.08875527353271315;0.0;0.8875527353271314;350.69156859267144;0.0;350.69156859267144;376.6326568562756;43.0;0.0;0.0;
0.17307503426772353;0.0;1.730750342677235;289.833382591608;0.0;289.833382591608;166.373636089307;109.0;0.0;0.0;

0.09567630271684337;0.0;0.9567630271684336;303.9129615711495;0.0;303.9129615711495;308.37012279999055;52.0;0.0;0.0;
0.19021265106878132;0.0;1.9021265106878134;305.318853961534;0.0;305.318853961534;158.48016878470088;110.0;0.0;0.0;

0.12679342300956023;0.0;1.2679342300956022;331.2989439927219;0.0;331.2989439927219;249.41209707181798;64.0;0.0;0.0;
0.19091821833362982;0.0;1.909182183336298;307.1249377457932;0.0;307.1249377457932;160.9343815684216;113.0;0.0;0.0;

0.09137821778137273;0.0;0.9137821778137273;328.9615840129418;0.0;328.9615840129418;353.98070540775365;45.0;0.0;0.0;
0.18131459485054183;0.0;1.8131459485054184;308.083997455773;0.0;308.083997455773;168.54362250706637;109.0;0.0;0.0;

0.06280931625909728;0.0;0.6280931625909728;275.00295226956104;0.0;275.00295226956104;415.1327471844311;39.0;0.0;0.0;
0.1717951633737185;0.0;1.717951633737185;295.36933977549177;0.0;295.36933977549177;173.48822192151692;104.0;0.0;0.0;

0.1035635203143941;0.0;1.0356352031439409;335.5458058186369;0.0;335.5458058186369;307.0824548419009;52.0;0.0;0.0;
0.1976797774447857;0.0;1.976797774447857;308.5817896129578;0.0;308.5817896129578;155.0388252174907;113.0;0.0;0.0;

0.0879700566871195;0.0;0.8797005668711951;323.88975416621275;0.0;323.88975416621275;355.4286190897244;45.0;0.0;0.0;
0.1929875936095149;0.0;1.929875936095149;288.22155947891264;0.0;288.22155947891264;148.96542949684817;123.0;0.0;0.0;

0.0955101332304264;0.0;0.955101332304264;281.32075606052865;0.0;281.32075606052865;287.6728953356364;56.0;0.0;0.0;
0.17021773453602668;0.0;1.7021773453602669;313.4584692733793;0.0;313.4584692733793;180.134445845843;100.0;0.0;0.0;

0.08778869191677428;0.0;0.8778869191677429;290.2401651126007;0.0;290.2401651126007;316.978390911119;50.0;0.0;0.0;
0.2001051913804035;0.0;2.001051913804035;314.60575788003706;0.0;314.60575788003706;154.37764283338092;120.0;0.0;0.0;

0.0942139689447192;0.0;0.9421396894471921;311.48291773560226;0.0;311.48291773560226;320.54397423128114;49.0;0.0;0.0;
0.1808381300501705;0.0;1.8083813005017046;310.32609819603454;0.0;310.32609819603454;168.92699543155842;109.0;0.0;0.0;

0.0809739099510099;0.0;0.809739099510099;305.0644979549676;0.0;305.0644979549676;351.55622899904137;46.0;0.0;0.0;
0.17505373382041534;0.0;1.7505373382041536;307.2525706797506;0.0;307.2525706797506;177.72488888839337;105.0;0.0;0.0;

0.10736916229838962;0.0;1.0736916229838962;299.89317745412274;0.0;299.89317745412274;267.7355820773761;60.0;0.0;0.0;
0.16073440055568886;0.0;1.6073440055568888;277.55921576587815;0.0;277.55921576587815;168.0544667407684;110.0;0.0;0.0;

0.07260787670837097;0.0;0.7260787670837098;261.3883561501355;0.0;261.3883561501355;341.9768341323663;47.0;0.0;0.0;
0.20574481843615106;0.0;2.0574481843615104;307.79213200719676;0.0;307.79213200719676;150.44917138862132;119.0;0.0;0.0;

0.09721228445984242;0.0;0.9721228445984242;314.96780164988945;0.0;314.96780164988945;310.67523943731175;51.0;0.0;0.0;
0.14753300467006963;0.0;1.4753300467006965;283.0920246995743;0.0;283.0920246995743;189.2397449925796;99.0;0.0;0.0;

0.08970219929896325;0.0;0.8970219929896325;309.1863039666393;0.0;309.1863039666393;328.62469677505004;49.0;0.0;0.0;
0.17768992889240465;0.0;1.7768992889240462;286.7542218157684;0.0;286.7542218157684;161.98283955160358;108.0;0.0;0.0;

0.12311121189139126;0.0;1.2311121189139127;326.95108731812104;0.0;326.95108731812104;256.22813389537737;63.0;0.0;0.0;
0.17891751617043264;0.0;1.7891751617043263;300.0289644170427;0.0;300.0289644170427;167.5360646930947;107.0;0.0;0.0;

0.11024340914576508;0.0;1.1024340914576507;307.9212462347231;0.0;307.9212462347231;277.4624781906959;58.0;0.0;0.0;
0.18971850024432593;0.0;1.897185002443259;287.09877117087706;0.0;287.09877117087706;147.61564858023314;123.0;0.0;0.0;

0.08804164279084264;0.0;0.8804164279084264;274.283579463779;0.0;274.283579463779;292.8675803113972;55.0;0.0;0.0;
0.20249574982574978;0.0;2.024957498257498;320.18478686806634;0.0;320.18478686806634;158.15991318544732;115.0;0.0;0.0;

0.0832175140888296;0.0;0.832175140888296;293.07037570413905;0.0;293.07037570413905;341.6197853222533;47.0;0.0;0.0;
0.21063131807230215;0.0;2.1063131807230215;303.14912958071807;0.0;303.14912958071807;143.3615782300185;126.0;0.0;0.0;

0.0840106571886683;0.0;0.8401065718866831;302.4383658792059;0.0;302.4383658792059;346.11726023301844;46.0;0.0;0.0;
0.18443542131406473;0.0;1.8443542131406476;296.8349201560364;0.0;296.8349201560364;159.10962960670614;114.0;0.0;0.0;

0.12255397168448975;0.0;1.2255397168448974;305.4422063521129;0.0;305.4422063521129;240.34399034305807;67.0;0.0;0.0;
0.15964187701167495;0.0;1.5964187701167494;294.25708532784273;0.0;294.25708532784273;183.63832256051512;102.0;0.0;0.0;

0.0943750618995773;0.0;0.943750618995773;305.77520055463043;0.0;305.77520055463043;322.70874872115286;50.0;0.0;0.0;
0.16815576484583267;0.0;1.6815576484583268;299.54240586156504;0.0;299.54240586156504;174.8305878056017;99.0;0.0;0.0;

0.11825554184924865;0.0;1.1825554184924865;348.3163232650597;0.0;348.3163232650597;288.6861669699291;56.0;0.0;0.0;
0.1777008335424405;0.0;1.7770083354244053;304.0623703807314;0.0;304.0623703807314;169.96605833756465;108.0;0.0;0.0;

0.10682569090227377;0.0;1.0682569090227376;303.6098583538307;0.0;303.6098583538307;272.9131368743487;59.0;0.0;0.0;
0.1875607803869077;0.0;1.8756078038690773;293.8594851731676;0.0;293.8594851731676;157.81754352775695;111.0;0.0;0.0;

0.0880253572159267;0.0;0.880253572159267;269.0586390373609;0.0;269.0586390373609;296.70123340472526;53.0;0.0;0.0;
0.17034544276076297;0.0;1.7034544276076298;276.05053117105285;0.0;276.05053117105285;159.71929965412613;113.0;0.0;0.0;

0.09878414094978505;0.0;0.9878414094978505;307.75059295894573;0.0;307.75059295894573;293.8576394945173;55.0;0.0;0.0;
0.22987427181880615;0.0;2.2987427181880613;305.39135438624413;0.0;305.39135438624413;133.54833029489163;127.0;0.0;0.0;

0.09789647163403845;0.0;0.9789647163403844;278.2320772756882;0.0;278.2320772756882;281.3425021567475;57.0;0.0;0.0;
0.16040069335542262;0.0;1.6040069335542262;294.9371430567977;0.0;294.9371430567977;179.2788009393466;99.0;0.0;0.0;

0.08518608537932643;0.0;0.8518608537932642;287.50303815522665;0.0;287.50303815522665;323.412486812851;48.0;0.0;0.0;
0.169002883915149;0.0;1.6900288391514902;301.5883767655347;0.0;301.5883767655347;175.87099671133726;102.0;0.0;0.0;

0.0956436905658302;0.0;0.9564369056583021;329.6654866311594;0.0;329.6654866311594;317.03647460508154;47.0;0.0;0.0;
0.16945608802112802;0.0;1.6945608802112804;294.7337782150623;0.0;294.7337782150623;170.67277262207668;108.0;0.0;0.0;

0.08654727404059016;0.0;0.8654727404059016;286.1358856035838;0.0;286.1358856035838;313.0540882218637;49.0;0.0;0.0;
0.1794559792092329;0.0;1.7945597920923286;294.7057772507383;0.0;294.7057772507383;162.92470195138654;112.0;0.0;0.0;

0.08376721822682037;0.0;0.8376721822682037;288.7295606967;0.0;288.7295606967;338.7359005663206;47.0;0.0;0.0;
0.1452383533808357;0.0;1.4523835338083573;311.80606905733765;0.0;311.80606905733765;208.61139523067737;86.0;0.0;0.0;

0.11238249532499836;0.0;1.1238249532499835;303.4327373774956;0.0;303.4327373774956;261.4156034138135;60.0;0.0;0.0;
0.22997427857543773;0.0;2.2997427857543773;303.94361469010653;0.0;303.94361469010653;129.182633369668;133.0;0.0;0.0;

0.09537271215324464;0.0;0.9537271215324464;315.31386466991086;0.0;315.31386466991086;316.6766985862356;51.0;0.0;0.0;
0.18918908137832965;0.0;1.8918908137832964;308.64590555990515;0.0;308.64590555990515;164.60068288382197;111.0;0.0;0.0;

0.09044329874463967;0.0;0.9044329874463968;332.9957817416279;0.0;332.9957817416279;350.12250405007643;46.0;0.0;0.0;
0.187857188775592;0.0;1.8785718877559199;275.7656975407251;0.0;275.7656975407251;147.96330855604828;120.0;0.0;0.0;

0.11267301182416044;0.0;1.1267301182416043;344.39675312290547;0.0;344.39675312290547;286.1659154888135;56.0;0.0;0.0;
0.16696893090184217;0.0;1.6696893090184215;298.82697339684347;0.0;298.82697339684347;179.56540798934955;99.0;0.0;0.0;

0.08485196905104676;0.0;0.8485196905104676;274.9203797253915;0.0;274.9203797253915;311.12349923424745;52.0;0.0;0.0;
0.18766309487487307;0.0;1.8766309487487305;313.2670185740356;0.0;313.2670185740356;164.61374531210862;103.0;0.0;0.0;

0.08438986331157355;0.0;0.8438986331157355;273.42315712949835;0.0;273.42315712949835;314.70430720355074;51.0;0.0;0.0;
0.1740144805822088;0.0;1.7401448058220883;281.73067459100815;0.0;281.73067459100815;159.93719663102905;111.0;0.0;0.0;

0.08507067711100444;0.0;0.8507067711100444;306.254437599616;0.0;306.254437599616;347.75098937965504;46.0;0.0;0.0;
0.18996572469136155;0.0;1.8996572469136155;298.7921868053935;0.0;298.7921868053935;154.34074634259716;120.0;0.0;0.0;

0.12863291824935622;0.0;1.286329182493562;330.7703612126303;0.0;330.7703612126303;248.5590181404654;64.0;0.0;0.0;
0.17229726402913195;0.0;1.7229726402913197;317.4690253282145;0.0;317.4690253282145;182.8737733933516;100.0;0.0;0.0;

0.08834172309351714;0.0;0.8834172309351714;298.15331544062036;0.0;298.15331544062036;314.7376002072071;51.0;0.0;0.0;
0.17479607452759793;0.0;1.7479607452759793;308.1000158958418;0.0;308.1000158958418;178.64965454635137;99.0;0.0;0.0;

0.10641510373409988;0.0;1.0641510373409988;325.2688076400789;0.0;325.2688076400789;299.79817925133386;54.0;0.0;0.0;
0.16516069369951003;0.0;1.6516069369951003;297.07698071738093;0.0;297.07698071738093;179.69876835609128;103.0;0.0;0.0;

0.10317411201943985;0.0;1.0317411201943985;334.2841229429851;0.0;334.2841229429851;312.4330210760881;50.0;0.0;0.0;
0.18680728490355472;0.0;1.8680728490355472;288.04616905978213;0.0;288.04616905978213;152.22885694783974;117.0;0.0;0.0;

0.07571219537583491;0.0;0.7571219537583491;314.4968115611604;0.0;314.4968115611604;409.7143439886481;39.0;0.0;0.0;
0.1889514025913436;0.0;1.889514025913436;295.45171520459934;0.0;295.45171520459934;153.09316751111004;117.0;0.0;0.0;

0.08700609170172155;0.0;0.8700609170172156;271.05743953228637;0.0;271.05743953228637;301.12206215358594;52.0;0.0;0.0;
0.17516636640509164;0.0;1.7516636640509162;298.65364824186236;0.0;298.65364824186236;165.2383235870853;111.0;0.0;0.0;

0.08262790175912756;0.0;0.8262790175912755;318.7076210709206;0.0;318.7076210709206;373.0824109976771;43.0;0.0;0.0;
0.1900013762577347;0.0;1.900013762577347;305.28308388502984;0.0;305.28308388502984;161.59605926807325;113.0;0.0;0.0;

0.09590414947780339;0.0;0.9590414947780338;304.6367101059637;0.0;304.6367101059637;305.77750379070375;51.0;0.0;0.0;
0.2006689483691588;0.0;2.006689483691588;301.7882520776958;0.0;301.7882520776958;146.76539815748185;124.0;0.0;0.0;

0.08269919115175521;0.0;0.8269919115175521;297.71708814631876;0.0;297.71708814631876;342.031316837899;47.0;0.0;0.0;
0.1926515354806808;0.0;1.926515354806808;287.68037200902756;0.0;287.68037200902756;151.3150819091408;118.0;0.0;0.0;

0.06862175730666267;0.0;0.6862175730666267;264.68392103998457;0.0;264.68392103998457;369.7966710644131;42.0;0.0;0.0;
0.16899281957114476;0.0;1.6899281957114476;297.2868490971662;0.0;297.2868490971662;173.03220300623218;103.0;0.0;0.0;

0.11521785696416155;0.0;1.1521785696416156;296.2744893364154;0.0;296.2744893364154;248.89509587072112;65.0;0.0;0.0;
0.2140296063103679;0.0;2.140296063103679;306.5358151182573;0.0;306.5358151182573;138.98145485441742;125.0;0.0;0.0;

0.10445398764280199;0.0;1.0445398764280198;313.361962928406;0.0;313.361962928406;289.6858344599903;54.0;0.0;0.0;
0.18085267856998846;0.0;1.8085267856998843;293.52546867068446;0.0;293.52546867068446;160.31837796152863;113.0;0.0;0.0;

0.0669982453221183;0.0;0.669982453221183;301.49210394953235;0.0;301.49210394953235;425.31884390057104;38.0;0.0;0.0;
0.17474566458309332;0.0;1.747456645830933;281.66202333303573;0.0;281.66202333303573;162.3478260316042;109.0;0.0;0.0;

0.09786618216000234;0.0;0.9786618216000234;310.8690492141251;0.0;310.8690492141251;307.20216503034857;52.0;0.0;0.0;
0.16948778149219207;0.0;1.6948778149219208;288.2779087126536;0.0;288.2779087126536;169.6565576361738;107.0;0.0;0.0;

0.10335595377127202;0.0;1.03355953771272;298.9940091240369;0.0;298.9940091240369;277.15402761095584;57.0;0.0;0.0;
0.1818898830846021;0.0;1.818898830846021;295.96285585396066;0.0;295.96285585396066;163.09749888226807;109.0;0.0;0.0;

0.06158391172502207;0.0;0.6158391172502207;285.04553427010217;0.0;285.04553427010217;433.3253979535997;35.0;0.0;0.0;
0.19904523094954316;0.0;1.9904523094954316;314.10906154431586;0.0;314.10906154431586;154.83970018110287;115.0;0.0;0.0;

0.08359070629101656;0.0;0.8359070629101656;314.92312602662054;0.0;314.92312602662054;363.0403118628053;44.0;0.0;0.0;
0.16003126081322763;0.0;1.6003126081322763;292.25253117425086;0.0;292.25253117425086;182.01771155817164;100.0;0.0;0.0;

0.0819061094934439;0.0;0.819061094934439;276.4331195403732;0.0;276.4331195403732;317.56377804747274;51.0;0.0;0.0;
0.19643085654245065;0.0;1.9643085654245065;315.39831762570174;0.0;315.39831762570174;160.25857299300594;113.0;0.0;0.0;

0.07992090128965149;0.0;0.7992090128965148;301.0973490447335;0.0;301.0973490447335;366.2178768105612;43.0;0.0;0.0;
0.1818398911864624;0.0;1.818398911864624;314.96553780409795;0.0;314.96553780409795;168.68080521773396;104.0;0.0;0.0;

0.0873479842034086;0.0;0.873479842034086;277.4583027637685;0.0;277.4583027637685;310.4956279850202;51.0;0.0;0.0;
0.20378084618982234;0.0;2.0378084618982237;312.20917383462074;0.0;312.20917383462074;150.6645921001508;122.0;0.0;0.0;

0.07464626167087088;0.0;0.7464626167087088;294.94376562636785;0.0;294.94376562636785;375.708070792265;43.0;0.0;0.0;
0.19122552863647554;0.0;1.9122552863647557;291.0024103986661;0.0;291.0024103986661;152.60181421796284;117.0;0.0;0.0;

0.09245292411730541;0.0;0.924529241173054;318.667525680925;0.0;318.667525680925;332.5426852022307;47.0;0.0;0.0;
0.1951937880180773;0.0;1.951937880180773;304.6977194314505;0.0;304.6977194314505;153.4808248199683;112.0;0.0;0.0;

0.07941588909697966;0.0;0.7941588909697966;285.8972007491268;0.0;285.8972007491268;346.92543646954493;46.0;0.0;0.0;
0.17978415096294204;0.0;1.7978415096294202;294.6438616990696;0.0;294.6438616990696;163.7528976180854;114.0;0.0;0.0;

0.08537264581032666;0.0;0.8537264581032666;288.13267960985246;0.0;288.13267960985246;329.56445375441456;49.0;0.0;0.0;
0.19015271807040177;0.0;1.9015271807040177;312.9665199444556;0.0;312.9665199444556;163.3436219870078;109.0;0.0;0.0;

0.08026208604176277;0.0;0.8026208604176277;309.5823318753707;0.0;309.5823318753707;376.3514864801228;43.0;0.0;0.0;
0.22043324250738927;0.0;2.2043324250738925;303.7426284937268;0.0;303.7426284937268;136.2667641617221;126.0;0.0;0.0;

0.10062145458459448;0.0;1.0062145458459448;301.86436375378344;0.0;301.86436375378344;292.3763925969004;55.0;0.0;0.0;
0.1701036208893199;0.0;1.701036208893199;285.6645980619842;0.0;285.6645980619842;169.39392084574243;110.0;0.0;0.0;

0.08633478370441781;0.0;0.8633478370441782;317.8689763662656;0.0;317.8689763662656;363.8429425119503;44.0;0.0;0.0;
0.175922160591179;0.0;1.7592216059117898;301.4173332299021;0.0;301.4173332299021;168.97039910608908;110.0;0.0;0.0;

0.10765400761564439;0.0;1.0765400761564439;305.964021644463;0.0;305.964021644463;279.1420508897302;57.0;0.0;0.0;
0.1776994127141678;0.0;1.7769941271416783;305.47023910025507;0.0;305.47023910025507;169.3819867556894;103.0;0.0;0.0;

0.08552330417986755;0.0;0.8552330417986754;322.2040762125242;0.0;322.2040762125242;365.41723482826916;44.0;0.0;0.0;
0.2110228678024589;0.0;2.110228678024589;304.63085800399836;0.0;304.63085800399836;141.5560114763394;128.0;0.0;0.0;

0.07388857101008182;0.0;0.7388857101008183;265.99885563629454;0.0;265.99885563629454;339.3161915846801;45.0;0.0;0.0;
0.21138473393828766;0.0;2.1138473393828767;290.19647799094935;0.0;290.19647799094935;134.66914816425708;137.0;0.0;0.0;

0.11052788598870848;0.0;1.1052788598870849;351.08857902295637;0.0;351.08857902295637;301.5605323128156;52.0;0.0;0.0;
0.1752299162739343;0.0;1.7522991627393427;311.074088572936;0.0;311.074088572936;177.08921159967727;102.0;0.0;0.0;

0.07727566745879824;0.0;0.7727566745879824;227.61196596955116;0.0;227.61196596955116;287.9100595291738;56.0;0.0;0.0;
0.22366545040168342;0.0;2.236654504016834;304.3398236804584;0.0;304.3398236804584;135.72354222957193;135.0;0.0;0.0;

0.08628205767958759;0.0;0.8628205767958759;274.07241851163116;0.0;274.07241851163116;297.55874512142395;54.0;0.0;0.0;
0.2082840201189297;0.0;2.0828402011892972;317.5440714446505;0.0;317.5440714446505;153.157774109914;117.0;0.0;0.0;

0.07254609423561961;0.0;0.7254609423561961;317.6342504370372;0.0;317.6342504370372;415.2956095739687;39.0;0.0;0.0;
0.18598429933724642;0.0;1.859842993372464;303.59849069786605;0.0;303.59849069786605;159.3846763202516;106.0;0.0;0.0;

0.0949028977327793;0.0;0.9490289773277929;284.70869319833787;0.0;284.70869319833787;288.082733161135;56.0;0.0;0.0;
0.19101192386999571;0.0;1.9101192386999573;301.67684183969635;0.0;301.67684183969635;159.37808235089244;117.0;0.0;0.0;

0.09355405738773023;0.0;0.9355405738773024;275.5592235784054;0.0;275.5592235784054;289.8167076419306;55.0;0.0;0.0;
0.19981554909223637;0.0;1.9981554909223638;292.97770989331605;0.0;292.97770989331605;145.07123037739802;125.0;0.0;0.0;

0.08579817947734095;0.0;0.8579817947734095;277.98610150658465;0.0;277.98610150658465;317.4339061004662;51.0;0.0;0.0;
0.2090473875460914;0.0;2.090473875460914;306.0975122032314;0.0;306.0975122032314;144.02482821209702;124.0;0.0;0.0;

0.07465103353584944;0.0;0.7465103353584944;287.9397007811335;0.0;287.9397007811335;367.4202156622121;44.0;0.0;0.0;
0.18188472945313924;0.0;1.8188472945313923;289.89801231433165;0.0;289.89801231433165;161.7525123993291;109.0;0.0;0.0;

0.08512207151696352;0.0;0.8512207151696352;270.38775658329587;0.0;270.38775658329587;310.0516458522753;51.0;0.0;0.0;
0.15912853861408216;0.0;1.5912853861408216;308.00279304689326;0.0;308.00279304689326;189.84713749936907;98.0;0.0;0.0;

0.10622545011871529;0.0;1.062254501187153;324.6891116836203;0.0;324.6891116836203;297.06845044802344;53.0;0.0;0.0;
0.1690873131261837;0.0;1.690873131261837;289.76175058034767;0.0;289.76175058034767;168.01508342717656;110.0;0.0;0.0;

0.09148041562142555;0.0;0.9148041562142555;284.99667943597956;0.0;284.99667943597956;299.63515004198734;54.0;0.0;0.0;
0.1771979245592037;0.0;1.771979245592037;283.0689473072472;0.0;283.0689473072472;160.04036950486017;111.0;0.0;0.0;

0.0967560199097635;0.0;0.9675601990976349;313.48950450763374;0.0;313.48950450763374;317.86396203796926;50.0;0.0;0.0;
0.1654341933510572;0.0;1.654341933510572;309.01158417231073;0.0;309.01158417231073;184.92671849631407;98.0;0.0;0.0;

0.0715930758669217;0.0;0.7159307586692168;305.2125865905609;0.0;305.2125865905609;411.2409807815003;39.0;0.0;0.0;
0.18554251661511162;0.0;1.8554251661511163;303.6826603510812;0.0;303.6826603510812;160.74481731545688;110.0;0.0;0.0;

0.08172472520532933;0.0;0.8172472520532933;287.8131626796381;0.0;287.8131626796381;347.7641428406454;46.0;0.0;0.0;
0.16512969587069662;0.0;1.6512969587069661;294.33549863019937;0.0;294.33549863019937;176.30961391131743;106.0;0.0;0.0;

0.08471495506522747;0.0;0.8471495506522747;285.9129733451427;0.0;285.9129733451427;313.3190262200269;48.0;0.0;0.0;
0.17435156636874286;0.0;1.7435156636874285;312.91824321159976;0.0;312.91824321159976;179.28503652162772;102.0;0.0;0.0;

0.0885526090099994;0.0;0.8855260900999938;292.76576856367143;0.0;292.76576856367143;316.92278510094724;51.0;0.0;0.0;
0.203467650496015;0.0;2.0346765049601503;308.8844924578599;0.0;308.8844924578599;150.11538676717163;114.0;0.0;0.0;

0.0818519327656995;0.0;0.8185193276569951;276.25027308423586;0.0;276.25027308423586;328.9746755284165;49.0;0.0;0.0;
0.17667660302035626;0.0;1.7667660302035626;293.56195374086224;0.0;293.56195374086224;164.7931863571822;107.0;0.0;0.0;

0.1097644561491138;0.0;1.0976445614911379;296.36403160260727;0.0;296.36403160260727;262.3607141774275;61.0;0.0;0.0;
0.16228961524478455;0.0;1.6228961524478456;283.7667519908742;0.0;283.7667519908742;171.05177013043232;109.0;0.0;0.0;

0.07005358415499163;0.0;0.7005358415499163;315.24112869746233;0.0;315.24112869746233;438.9344164608761;36.0;0.0;0.0;
0.17822254734226534;0.0;1.7822254734226537;292.80723793444827;0.0;292.80723793444827;162.52162925173235;113.0;0.0;0.0;

0.08941665776528687;0.0;0.8941665776528688;268.2499732958606;0.0;268.2499732958606;291.3406806757655;54.0;0.0;0.0;
0.175264186563978;0.0;1.7526418656397802;315.81271789133007;0.0;315.81271789133007;177.5225760895414;103.0;0.0;0.0;

